0
0
0.000963114
0.00221698
0.00214134
0.00226397
0.00233624
0.00244841
0.00264796
0.0027513
0.00279161
0.00284955
0.00288453
0.00287543
0.00278924
0.00286017
0.00278703
0.00265856
0.00231074
0.00222372
0.0020895
0.00211842
0.00217953
0.00215258
0.00222598
0.00216696
0.00221317
0.00218525
0.0021073
0.00222754
0.00256788
0.00223277
0.00232352
0.00231159
0.00225803
0.00235081
0.00247331
0.00277986
0.00302634
0.00403573
0.00383512
0.0278366
0.0573356
0.33569
0.441796
0.453995
0.419853
0.38101
0.365779
0.314145
0.30693
0.518834
0.481957
0.42738
0.413396
0.37282
0.329256
0.288088
0.297123
0.245572
0.390617
0.584003
0.613677
0.544761
0.504393
0.462214
0.411411
0.346239
0.3213
0.289873
0.254164
0.216017
0.22239
0.212505
0.182695
0.204974
0.616283
0.787025
0.833095
0.804716
0.722882
0.673881
0.59092
0.550994
0.482649
0.44651
0.398825
0.425853
0.346228
0.304809
0.29709
0.274739
0.275052
0.676587
0.888721
0.841091
0.845153
0.750431
0.706152
0.612302
0.544265
0.474201
0.448515
0.384155
0.383983
0.353422
0.336629
0.312753
0.333651
0.348686
0.381233
0.890746
1.0032
0.969791
0.844406
0.815582
0.685024
0.682351
0.597826
0.566116
0.507086
0.465026
0.395358
0.372141
0.331745
0.313631
0.311568
0.279288
0.613797
1.05805
0.972359
0.75598
0.683617
0.453762
0.39456
0.307667
0.732342
1.11991
0.957606
0.734388
0.531758
0.399245
0.424917
0.413917
0.570469
1.36523
1.16468
0.872776
0.677083
0.518289
0.554346
0.567308
0.53922
0.510648
0.475946
0.505076
0.494063
0.499916
0.37109
0.310933
0.260584
0.886552
1.53289
1.62338
1.55453
1.41539
1.33229
1.21652
1.05347
1.00955
1.3965
1.52401
1.48772
1.29775
1.21614
1.16166
1.04007
1.01801
0.935666
1.33684
1.59209
1.45307
1.35894
1.27681
1.12553
1.10665
1.06114
0.878194
0.818687
0.779908
0.827084
0.640707
0.57354
0.580133
0.602872
1.35385
1.54032
1.27259
1.14215
0.977397
0.936459
0.863433
0.785768
0.865414
1.66776
1.88753
2.01816
1.83089
1.57419
1.3934
1.27151
1.08427
1.07545
1.71113
1.69103
1.75664
1.60593
1.88969
1.7002
1.43106
1.22957
1.06342
1.03274
0.870883
0.936791
0.871798
0.784162
0.886433
0.875592
1.30731
1.81129
2.00437
1.96582
1.88946
1.65375
1.40536
1.30777
1.10656
1.55864
1.77439
1.62626
1.49692
1.41942
1.23377
1.10995
1.28617
1.17591
1.7299
2.2534
2.46649
2.39586
2.4192
1.93015
1.74506
1.87194
2.0751
2.43522
2.38252
2.26804
2.10926
2.08766
1.8205
2.11651
1.91049
2.14768
2.28667
2.55189
2.28036
2.26168
2.07153
1.71737
1.78644
1.47776
1.58416
1.9695
1.64849
1.4606
1.22095
0.993697
1.28901
1.43428
1.4464
1.27895
1.23358
1.15222
1.90845
2.07817
1.98401
2.36546
2.28168
2.341
2.9069
3.01233
2.4929
1.95587
2.56989
2.02583
2.69058
1.77746
2.28827
3.10035
2.36254
2.28008
2.79348
2.63281
4.25619
3.76937
3.57588
2.39375
1.91693
1.51034
1.34104
1.92744
1.62598
2.21328
2.94737
3.5355
4.10497
3.60532
2.55929
2.65303
3.17247
3.1143
2.42786
3.04481
2.63157
2.68018
2.79306
1.29779
2.09537
2.08366
2.84565
2.5813
2.02032
1.78847
2.23096
2.19443
1.87508
2.46038
2.91771
2.94651
3.12261
2.30597
1.68559
2.31866
2.55601
2.18369
1.5875
1.41566
1.61803
1.82333
1.25571
1.48961
1.88275
1.91993
2.41799
1.7285
0.984194
1.1571
1.0868
1.01324
1.47828
1.1421
0.994856
1.11803
1.19393
1.72515
2.40605
2.72444
2.48362
1.92485
2.27899
2.06131
1.98351
2.29827
2.04738
1.66908
1.97741
1.51936
2.47758
2.2528
1.40979
2.08453
1.77665
1.48597
2.99136
1.88913
1.63399
2.21866
1.51823
1.78075
3.69953
2.02299
2.12359
2.5153
1.6441
2.86621
2.54382
1.54232
2.14467
2.76965
2.36433
4.26225
3.71706
2.29666
2.45707
2.44239
1.49649
3.90464
2.89699
2.03448
3.21146
2.16972
1.85202
3.65313
2.70366
2.19637
3.38881
2.63451
2.42158
3.47152
2.39758
1.75264
12.7151
7.10088
3.65103
4.47376
3.26772
3.09875
4.20894
4.20672
3.90595
4.69701
5.44319
7.83948
7.88727
5.2613
4.83434
5.3587
4.32324
5.08772
4.98628
5.18353
13.8922
13.9396
9.0898
6.06621
5.40714
4.19676
4.6615
5.11391
5.44312
5.91364
7.49442
8.31599
8.26254
7.3645
7.13412
6.96396
6.89395
6.6096
8.27471
6.79854
16.6728
11.1114
6.2254
6.14042
7.58134
7.71139
13.8419
8.23224
6.63244
6.35675
7.53199
9.67064
7.64865
6.19848
5.73801
9.04166
7.4067
6.93244
7.18662
5.5264
12.8038
10.6313
9.60028
6.37609
5.69305
5.41346
7.18887
7.43469
9.10945
14.3519
8.81662
14.3388
8.16723
6.75784
5.28651
6.43066
6.76601
7.51087
8.56992
10.6627
17.5774
15.9469
6.87454
12.1192
7.72622
7.26647
6.02559
10.0299
9.68348
7.90693
9.98725
13.0785
11.2762
8.73142
5.64874
12.1685
10.537
7.1774
6.27682
7.31119
26.6957
16.5238
7.08087
5.91771
6.15361
6.61076
6.89246
7.41254
7.86554
6.87391
6.99075
8.37752
7.27041
6.75092
6.25877
13.0138
7.39817
6.96906
6.11792
11.646
17.8347
9.12168
7.43684
7.61155
8.52317
8.70103
8.91299
6.80145
6.28825
7.08699
11.0663
8.68138
7.40564
7.47609
10.5422
7.62922
7.94267
8.08328
14.5161
17.3365
15.8948
7.30782
8.59539
7.07246
8.05022
6.53859
6.51836
5.51699
5.65896
7.87119
15.0781
7.80177
6.41647
5.32676
5.4253
5.6123
5.13544
4.96798
12.7999
12.6599
5.73184
14.5284
5.61471
6.60924
5.7444
5.92525
5.953
6.4936
4.51911
13.521
11.794
7.67644
7.03078
6.40101
7.50798
5.55317
6.1519
4.31071
16.1776
17.961
6.13745
5.43853
4.1762
4.38277
14.8728
6.62912
5.12569
4.55371
5.56846
14.1697
14.4806
5.56846
6.08263
5.9136
5.37369
7.24387
5.13107
12.6253
24.909
13.1188
9.00967
7.22921
6.90872
9.55142
11.1175
7.57868
6.54289
8.18941
14.6089
8.41659
11.8018
8.54339
8.03385
8.31415
6.11248
10.0445
5.93306
19.8542
16.6862
8.11224
7.66468
7.39421
7.84608
6.62996
7.45409
6.14915
8.77403
9.41382
13.5915
9.13502
9.60596
10.4066
13.1811
9.44181
8.87596
8.36117
10.5293
24.0777
16.4101
10.1376
9.77395
8.18743
10.7228
9.31161
10.4505
10.4469
10.1198
14.0228
13.4802
12.7227
8.91905
9.71585
7.62304
12.1024
7.98135
12.8463
10.8075
21.2269
21.1195
9.14614
9.23054
8.2288
10.8112
5.99651
6.1473
6.16331
7.40905
7.47052
10.0249
17.5533
11.4405
7.32195
8.60131
6.80303
6.76723
7.62869
8.44074
16.5875
27.4637
10.7146
16.3918
11.5819
8.96931
7.63168
13.1575
9.72199
7.08337
6.81273
8.53206
15.2402
10.6218
7.82144
8.72679
14.0625
7.71596
11.2839
10.656
7.50331
25.8455
15.401
8.32314
6.74399
11.9696
8.37414
9.49483
10.1423
12.9549
7.67097
6.90037
9.2417
13.6335
14.5172
6.77422
8.38728
7.19945
7.3516
7.50309
10.1696
20.9609
18.3479
11.2762
8.24837
8.91178
6.82142
8.59845
6.8486
7.9993
7.39086
6.91224
12.8934
14.909
13.9636
7.79012
6.78553
6.04825
6.84916
6.45169
6.37924
25.596
9.384
10.2383
7.90009
7.64677
6.48914
6.81608
7.58515
6.24159
9.58228
4.57998
11.5283
7.37293
5.66554
5.45007
5.59221
6.05428
9.74789
8.31383
5.43465
25.293
10.9655
4.73137
3.57165
4.49202
4.7551
5.51571
4.55177
4.78545
7.77974
6.5818
14.8479
8.59947
8.75924
5.87151
5.91134
6.03541
5.77022
4.43877
8.55454
25.8604
11.1067
10.5906
6.73502
4.76538
7.26219
5.18141
4.05672
4.14481
4.43902
4.03702
14.0223
9.13109
6.39681
14.6659
9.92644
4.8491
4.31599
4.73361
7.64328
18.5534
9.66095
19.8697
17.2503
6.86898
4.66705
5.64217
11.0373
5.96811
3.48421
4.91783
10.3074
11.806
5.8728
3.91223
3.66672
4.85252
4.74525
5.20439
21.7678
20.8184
18.9383
5.68147
6.50421
5.33603
3.62898
4.61793
13.2456
13.737
4.45305
4.23193
10.1385
10.1492
6.96487
6.17578
3.33944
4.63379
9.00165
6.13104
4.74261
7.23194
23.1579
5.71061
4.83139
17.7635
15.8435
13.2725
8.8514
4.16175
4.71471
4.17766
5.61645
16.1282
24.2296
5.04829
12.059
6.50915
5.05644
6.55213
5.12245
12.5529
20.4537
4.97655
8.16108
5.50926
3.95306
4.69044
5.46883
3.49784
11.4545
10.5081
8.21926
14.2354
7.91465
4.6692
5.08912
3.88166
6.48452
24.0352
7.97142
15.2724
21.8898
7.0509
7.12599
4.99714
4.96625
4.68807
4.42343
7.27643
9.75457
6.30062
5.65704
13.3152
6.21447
12.0631
15.5196
11.9489
5.41037
4.10113
6.47921
9.22652
27.2318
14.1575
17.3612
10.5111
6.26027
3.71448
3.77144
7.17923
7.87481
5.31188
5.45725
12.2333
7.68812
5.85319
9.78745
7.46975
4.0448
4.70759
15.5702
16.7359
29.6364
19.2671
7.88397
14.1155
6.60088
6.82643
7.90603
16.0378
11.376
5.10561
6.49357
11.9298
11.7756
7.21396
7.77145
7.48795
7.03121
7.52913
7.53096
8.65448
27.3736
16.2962
4.82866
15.9944
15.7319
14.5475
11.3508
11.9331
9.39642
5.95456
8.38923
10.6216
12.7791
6.887
6.45654
6.76165
4.98423
5.64499
5.10733
8.92998
26.1554
12.4325
5.00818
6.30039
4.85672
4.92212
4.76874
8.63805
15.5066
8.08916
13.3926
20.5099
9.16506
3.71714
4.34058
4.63032
23.4118
13.0975
5.16031
9.62587
22.97
12.2076
4.66387
4.92644
6.29239
6.87838
4.6354
5.97092
4.57235
6.40971
6.2133
21.1435
22.0693
11.2231
11.5261
6.38209
7.11875
5.57527
5.74528
6.32393
44.2088
14.8471
4.77946
5.2629
3.49557
5.53602
3.16292
8.09557
10.6223
5.63607
4.74925
12.4522
16.8984
4.52094
5.13177
18.6557
14.6035
10.099
11.0136
4.13042
25.8081
11.4863
4.34917
7.96903
19.7885
7.39324
3.60582
5.7998
4.31218
6.22647
8.62831
14.0131
9.97959
5.26243
5.70438
3.89647
4.19357
3.03495
8.27704
25.3296
28.1481
15.8934
11.7949
4.86348
3.40013
3.46091
4.02454
20.8025
14.6709
4.47817
8.22037
12.7556
8.21673
4.74159
5.07752
3.26648
5.07568
5.34997
6.02125
25.4238
10.6327
6.11438
11.4155
14.6
8.55409
5.67996
8.32897
12.4157
5.64967
7.66753
10.2556
27.6444
14.2075
5.2475
3.96985
5.57727
5.52286
4.40637
19.2859
20.7694
7.19934
3.97008
5.59543
3.74949
4.83605
4.14526
16.0335
16.1956
9.8329
13.3592
8.19784
15.8724
4.35964
5.33019
5.59768
19.4411
7.21837
3.72641
25.143
16.331
4.50519
3.06796
2.89135
2.75482
3.1681
3.67014
3.57308
4.44703
3.80923
11.4816
13.7119
18.0558
13.829
11.3141
4.15712
10.551
7.02689
3.06895
13.749
29.2537
14.8046
3.151
2.99704
3.64369
5.48927
5.72313
3.54367
4.20474
4.07638
7.14681
12.1943
6.08875
5.79454
5.51064
5.72522
14.2269
11.9413
12.8227
10.653
17.2563
13.9828
13.3988
11.6833
12.809
29.6221
16.521
16.2059
12.0296
11.1236
11.9546
16.0387
12.5959
11.1081
11.1045
10.4214
10.5038
11.5644
10.9574
13.0126
28.2196
33.3636
17.3391
10.6812
11.2737
9.86298
10.2827
12.1846
10.3529
12.4847
22.9431
15.8157
16.2433
13.0562
13.8095
10.9951
16.2749
16.0218
18.9037
13.8172
23.2701
24.6547
11.3651
10.9778
11.4131
12.3791
12.1908
16.1856
16.6393
12.4957
12.3469
10.539
12.8423
12.1408
12.9549
12.9871
15.1578
13.131
11.5194
12.9637
10.8141
10.8978
9.73251
9.65146
11.3241
9.65431
9.42016
11.872
9.76669
9.15241
9.7266
8.11888
8.27135
7.36742
8.59313
9.1447
6.75393
6.69003
10.4259
8.2457
8.30182
10.1562
9.95687
10.1716
11.8978
11.6234
12.0805
9.04147
9.19731
8.62081
8.09887
7.36017
8.08084
7.92056
9.90614
8.31599
9.68982
12.1733
11.9585
13.144
14.9588
13.732
15.6679
18.5456
12.5634
13.3506
10.7792
10.7553
11.8237
11.5535
8.6892
10.6726
8.09251
8.68252
10.8376
9.02768
9.73635
10.9912
10.7801
10.7764
11.6343
12.402
10.579
12.6741
12.2388
22.4107
8.86259
11.3054
10.8691
10.1372
9.09613
11.5665
9.77068
11.3091
11.1708
13.3102
11.206
10.6452
14.2348
14.8058
14.4493
15.7462
14.183
15.5408
15.9643
14.721
13.7199
12.302
14.1007
15.368
12.604
13.1925
11.444
11.8779
12.6576
10.1809
10.5268
7.76411
7.5542
8.05638
8.88951
7.64632
7.88787
9.18299
10.0661
10.853
12.6409
14.2236
18.6199
12.6628
11.9069
9.28805
11.5962
8.52444
11.0514
11.3493
10.0393
15.6099
15.3699
14.4814
12.2298
14.0848
13.3574
14.2048
14.7897
18.0261
24.6715
25.1821
22.891
23.0291
22.2182
18.9236
13.3065
14.8488
16.4199
14.0858
16.5981
16.528
22.0284
23.9716
22.8373
19.8735
16.1484
21.3405
15.614
16.0526
17.3098
16.9713
26.4807
14.7188
12.0115
10.3422
10.6222
10.8095
11.5898
12.0247
12.7052
15.8329
17.1853
16.5922
12.8798
12.5357
9.91227
14.2685
19.6344
13.9791
12.503
13.7243
20.9278
14.013
13.036
13.1709
29.3396
16.5084
10.9737
11.4281
10.4527
9.88268
13.646
18.6644
21.0469
16.4865
16.5235
14.127
13.1976
12.9459
11.9424
21.9617
26.4113
22.1499
12.9609
14.1009
16.9716
22.5829
20.0769
19.3841
29.2065
23.5285
20.1711
14.603
22.8943
24.2263
18.4136
16.6626
13.9409
17.7731
17.7865
17.5091
18.9164
17.6316
16.9257
29.6503
21.3057
18.014
14.7546
15.069
13.9417
15.2205
18.7298
21.8168
27.1163
14.16
12.4071
13.1825
11.5338
14.0603
11.1952
12.7894
15.4583
13.7804
20.4725
26.0163
18.5659
12.2937
13.8784
20.964
19.3661
23.4478
19.249
15.2386
15.6044
13.0013
12.7924
28.3253
18.4183
12.2988
13.3101
11.4271
10.4967
10.4095
15.8314
17.0237
11.4897
12.4464
11.0685
10.0621
11.9739
13.3808
16.2697
20.3616
13.2153
12.2981
12.7413
11.8935
11.6011
8.9822
11.0794
29.4652
13.3747
11.8348
12.6449
10.916
12.5736
11.457
11.9502
11.9571
13.6868
11.9341
11.6919
12.6916
12.2105
10.5354
22.1149
17.3894
12.5147
11.8143
10.2868
9.19844
8.83605
10.0724
11.5058
24.6846
14.8333
13.2836
10.0522
10.2642
9.78873
12.4302
11.8432
10.5318
9.31547
9.42827
11.759
11.8423
12.0527
9.89425
16.1249
19.6644
19.0893
17.3255
14.6931
9.76312
12.8753
11.7925
11.9594
28.7
15.1632
10.5231
12.1541
10.5426
9.28524
9.08215
12.5207
10.6693
12.3032
14.789
11.931
10.4892
10.7007
11.4869
11.6908
19.9595
17.5614
13.7915
13.0217
10.6575
9.3906
8.03909
8.14624
12.4601
29.0249
15.6659
13.8205
12.1212
11.0225
9.69285
9.39935
8.27007
11.3071
12.4071
11.2958
7.59311
8.94051
10.2483
9.79015
10.1237
21.7051
14.131
10.0833
12.4014
10.4101
7.47008
11.1194
10.8093
15.9616
20.4777
13.4438
11.5049
11.9829
14.0757
12.6078
10.9622
10.7939
14.4172
11.0865
11.7099
11.3733
13.3108
13.0217
11.7861
11.1407
13.8094
18.4923
16.0324
13.6397
10.4274
13.0028
10.5722
11.5493
9.78616
31.4096
17.8899
12.5183
11.7468
12.3573
11.7892
10.5507
12.6841
15.0149
13.8532
11.8149
14.4302
10.3456
12.0173
11.8846
14.3029
16.4733
17.9926
18.218
17.4116
13.9905
12.8477
13.9659
15.2184
9.32287
11.1292
18.9772
14.0989
12.6593
14.4984
14.1749
17.0055
17.0815
11.9532
11.7066
9.75868
9.40988
10.9909
14.0334
9.983
8.32154
8.20904
19.1246
16.1177
15.0685
12.0333
14.2884
17.267
11.4652
12.3532
19.9115
16.5203
10.9098
11.8258
12.0644
11.7193
10.8165
8.78805
12.4968
12.199
9.71585
8.79057
13.0541
12.8085
11.2906
12.2007
14.2109
19.1626
13.1106
15.3014
11.3896
9.17631
8.24714
11.1569
11.5505
24.266
15.0365
11.6071
10.1823
10.737
10.1263
8.54165
11.5873
12.1524
11.3876
12.7001
14.1288
11.4258
10.4899
13.9907
9.6724
19.0503
14.5517
15.1669
15.3591
16.0956
13.7328
13.6387
11.774
15.2574
18.6478
10.6206
11.8602
9.03432
23.5478
12.346
12.0356
11.3997
11.6936
11.3699
10.1393
16.021
14.5715
13.0254
12.9914
17.7379
13.4801
9.92978
10.2529
10.7203
12.0935
12.3623
12.6231
20.2528
14.6203
12.1768
13.3009
14.2304
17.1398
10.6065
9.63492
7.92601
7.98634
8.91981
9.01581
15.1223
12.8667
12.0861
17.1229
19.7624
14.7439
11.7978
10.9037
12.7052
16.8466
14.847
11.0552
17.977
9.96484
9.98214
14.2308
16.9405
7.53078
8.80517
13.4521
12.0443
12.0537
11.3251
10.6171
11.7942
14.7773
21.7511
19.4939
16.6485
14.4061
10.7069
8.17695
9.31243
11.1966
7.34791
23.4315
13.2375
7.39963
8.04398
6.91034
7.87337
13.7522
8.84734
6.67977
5.21883
6.72401
6.3984
5.76384
7.68881
11.291
16.9735
11.1101
11.642
11.0821
11.9492
9.20682
11.2786
15.3635
27.8867
15.6647
11.1846
12.1829
9.80772
10.3146
10.6866
12.2961
12.6792
11.3783
13.2027
11.2977
11.9708
10.247
15.9357
16.6658
13.8572
12.5756
10.707
9.68651
9.94719
11.9581
15.5511
16.9198
17.6114
17.3028
12.221
11.5812
14.8865
11.913
21.1367
20.0347
15.3924
12.8355
13.5718
14.3582
15.9581
17.4172
17.7721
18.9679
15.1537
13.5615
13.6529
12.7823
12.064
11.3878
17.921
19.8882
12.9527
12.3197
12.1435
10.5597
10.9316
13.9106
13.5012
12.486
12.2101
13.1742
13.7914
10.7028
11.6685
11.2274
14.7786
21.8859
16.0339
13.4808
13.6285
12.9773
14.7331
13.081
15.6741
19.7194
15.8687
12.4361
10.918
12.5139
12.0075
11.5078
11.7745
16.4288
13.7485
10.5633
11.3885
11.6268
13.5238
11.1137
12.8271
14.9512
15.0536
12.0313
11.1735
11.7951
17.5623
15.7536
13.2203
12.2293
25.9394
18.2343
15.6473
12.6904
13.732
13.8367
11.9526
14.12
14.7544
12.6659
13.3903
14.3688
15.0011
15.4584
13.8581
13.8975
16.1552
26.8933
21.5768
14.6234
12.0213
11.0102
11.2576
11.6794
15.4052
20.1108
13.1166
10.7035
11.682
12.3772
11.8449
13.0178
14.0678
15.1199
19.2941
14.3293
14.5968
14.0887
13.4091
15.6734
12.1581
16.1375
18.3721
16.9941
16.5844
15.5122
15.0655
13.4603
13.436
15.7463
23.1319
22.6734
14.1261
12.552
15.1716
13.5229
13.3818
15.0869
13.949
15.7123
13.727
11.6313
11.7718
11.1582
12.9773
13.4835
17.1573
19.5997
13.6902
12.6964
12.795
13.719
12.1079
14.0774
14.4686
17.2505
15.5213
12.367
12.2798
12.1308
11.4436
10.8524
14.4611
14.7929
11.5009
11.1199
11.272
11.6873
10.2422
10.5151
15.0841
11.2725
15.4748
14.9933
13.679
10.5058
11.393
12.6051
13.157
17.9371
25.1145
17.6752
12.5008
12.0176
12.9246
10.9703
14.0664
12.4934
10.3381
10.3087
11.3991
12.8711
13.0817
13.4058
14.155
17.6831
15.8604
19.6457
16.1757
14.109
15.7473
16.8297
16.5375
16.3995
16.9575
22.3188
14.264
10.3967
8.79985
11.1837
12.3547
13.5309
15.7436
10.565
12.2205
13.9146
13.0376
14.7397
12.0595
15.723
13.2415
19.6595
17.9194
15.8893
12.7811
12.7365
14.0096
13.8254
18.3182
21.5678
16.309
14.7297
12.8074
12.4
12.4251
14.7861
15.2685
13.9491
13.5556
12.4781
13.3346
12.5806
12.9618
13.2725
16.8579
18.4826
15.1029
12.5518
12.7869
12.4101
11.786
14.9188
13.4534
18.2728
19.264
12.8368
12.1068
12.244
11.7549
11.799
23.0249
19.407
12.0474
11.979
11.4929
11.0161
9.39485
10.622
11.3642
17.0668
14.2481
15.0798
12.7286
11.5002
10.9533
11.0142
11.601
18.4389
18.9397
10.4733
8.58546
7.26929
6.92752
9.69951
10.8478
11.8071
10.7438
10.7239
11.5927
11.0995
12.1508
12.3382
10.79
14.8341
14.4296
11.466
12.337
10.9087
12.6575
13.9771
12.6007
16.2591
19.5096
11.5458
6.83523
7.35837
9.47803
10.659
10.6282
11.341
12.487
12.1333
10.6603
10.3409
10.2151
11.452
9.37945
15.3298
9.02261
8.78116
12.0641
10.8213
8.9519
8.40625
6.9895
8.71014
10.7978
10.089
6.70427
6.86874
7.13551
6.96175
6.77675
11.1845
10.8442
9.90745
8.64516
7.53181
6.97147
6.73991
6.81519
10.4516
10.3691
9.96786
6.29014
5.72428
5.90285
6.12463
6.79153
6.85245
8.64122
11.8364
10.0588
9.89884
10.1058
7.77839
7.06782
8.31405
6.17845
5.70005
10.2501
10.9212
10.0581
10.3422
11.7687
11.1374
8.78379
6.02228
5.47345
5.33844
4.78967
4.89831
5.59676
5.28608
5.1845
5.75483
6.25789
7.11064
6.38929
8.02173
5.21082
6.46911
9.81308
9.40374
9.5786
9.92596
9.5424
8.9079
9.22376
9.45331
9.04579
10.2811
9.45581
10.6496
8.70557
9.479
9.57348
8.97472
8.68146
9.22999
8.80485
10.3586
9.18266
8.75195
10.8733
7.88039
8.06861
9.64583
9.95037
10.2391
9.05889
8.50822
7.95659
9.23
9.1348
7.67607
7.39075
8.21137
9.0604
8.63768
7.65918
8.65272
7.52152
5.68278
5.94002
7.20796
6.31103
6.59415
6.41756
6.04864
6.87647
6.55319
7.43445
8.5304
9.32941
8.31673
5.64035
9.83524
6.9028
6.6941
7.59798
7.72828
6.4641
6.9776
9.84955
9.39801
7.04525
7.1168
6.6256
6.45963
7.3445
6.18339
7.76379
6.40494
6.5917
6.54899
8.04758
6.5945
5.9225
4.79163
5.87816
7.43342
7.89383
6.23204
5.61478
5.94705
8.07503
9.59203
8.32915
6.68386
6.38869
7.70859
7.32469
10.7721
6.10837
7.26756
6.89167
6.80535
6.85975
5.81335
5.06258
6.87091
8.80871
6.26917
7.49745
6.17475
6.57514
5.38667
5.68397
4.5705
5.02965
4.9162
4.26672
4.69887
4.35807
3.26455
3.99213
5.3498
4.31043
4.44141
4.03106
4.28194
4.50795
4.85166
4.33117
3.78492
4.09523
3.56798
4.0125
3.17714
3.42369
3.68557
3.51426
3.43585
2.88101
3.93465
3.84498
3.59223
3.77255
2.825
3.29536
3.32894
4.18234
3.86442
3.29702
3.56775
2.49387
2.09984
2.28738
2.06671
2.03447
2.84834
1.95595
2.43562
2.70686
3.24423
3.80779
4.10804
3.74557
3.51168
2.81594
2.36567
1.77765
1.46714
1.36594
1.53204
1.12909
1.36054
1.70097
2.21411
2.95948
3.34425
3.69131
3.78362
3.7987
4.07529
3.67201
3.22757
2.51894
1.93682
1.39338
1.13373
0.848413
0.995475
1.59063
2.32489
2.59659
3.29655
3.37499
3.81094
3.52203
3.4816
3.07467
2.50725
2.01415
1.48592
1.17582
0.912341
1.07132
1.34189
1.44237
1.33966
1.97894
2.99636
3.43835
3.67722
3.93746
4.02496
3.96132
3.40118
2.76551
2.37681
1.96926
1.34929
1.05862
1.13781
1.50026
1.94164
2.57821
3.03397
3.48107
3.73608
3.80028
3.82343
3.60927
3.43256
2.85691
2.40113
1.8665
1.45383
1.16224
0.934644
0.997795
1.47045
2.12203
2.71647
3.27132
3.67802
3.85908
4.01201
3.62707
3.85414
2.77795
2.69296
1.88254
1.35294
0.928867
0.888096
1.30669
1.92922
2.80657
3.48465
4.01799
4.35932
4.39015
4.2441
3.70181
3.08034
2.22233
1.43812
1.05447
1.24699
1.31807
1.64101
1.84437
3.73944
2.63353
3.1313
3.5671
3.815
3.9776
4.41248
3.594
3.05784
2.28138
1.69332
1.05245
2.10803
2.70681
2.35406
2.78418
2.92202
3.35064
3.74549
3.67587
4.00235
3.31952
3.23053
2.54581
1.82006
1.48759
1.20558
1.24693
1.59561
2.07442
2.54049
3.14021
5.97595
3.988
4.16771
4.23107
3.7319
3.44033
2.55128
2.05975
1.41671
1.11925
1.00594
1.3246
2.13834
2.81134
3.65332
4.20382
4.25539
4.50036
3.96363
3.66397
2.70955
1.95762
1.35927
1.12778
1.51689
1.65651
1.73686
2.08155
2.38809
2.93471
3.15499
3.3741
3.18487
2.81989
2.41572
1.75004
1.34786
1.00339
0.932641
1.05492
1.30013
1.76493
2.03908
2.69662
3.13048
3.94743
3.84418
3.55393
2.95309
2.25044
1.59153
1.07762
1.32067
1.82627
2.2817
2.6446
2.90978
3.20221
3.30233
3.22957
2.92607
2.54582
2.0739
1.79604
1.35501
1.3458
1.31349
1.30975
1.38486
1.58575
1.85786
2.18798
2.48547
2.55406
2.77653
2.76817
2.76487
2.53298
2.39029
2.65503
2.33585
1.80483
1.39554
1.79321
2.66981
2.70851
2.41258
2.07548
1.54996
1.21747
1.1784
1.64877
1.23685
1.16686
1.47732
1.66234
2.08351
2.32891
2.57034
2.6348
2.49173
2.20938
1.72667
1.31505
0.932211
0.931229
0.921212
1.13568
1.5628
2.06067
2.44947
2.65943
2.85395
2.82076
3.18128
2.53083
2.18501
1.91338
1.53534
1.35624
1.15663
0.894614
0.745897
0.923638
1.47979
1.89242
2.36233
2.72055
2.96761
3.02948
2.7853
2.40341
1.88443
1.42677
1.05411
0.800229
0.82896
1.29557
1.88337
2.39661
2.71298
3.03107
2.93158
2.95246
3.28942
3.00166
2.69247
1.92645
1.35689
1.03642
0.917591
0.840351
1.06652
1.47707
2.83367
2.46038
2.71306
2.88869
3.0151
2.88788
2.71567
2.29163
1.90003
1.42545
1.07459
0.751672
0.593171
0.719836
1.10618
1.70528
2.11561
2.53811
2.8565
2.99752
3.07938
2.83847
2.71113
2.25729
1.86631
1.4065
1.03096
1.70137
2.04014
1.81383
2.03233
2.5972
2.77775
3.27599
3.23285
3.47105
3.00834
2.64614
2.11249
1.59988
1.13466
0.949126
0.980417
1.11011
1.58133
2.25922
3.1308
3.60214
3.98753
3.75979
3.77903
3.76152
3.79757
3.46139
2.99605
2.26486
1.78155
1.28745
0.852901
0.594059
0.850287
1.36061
2.40094
3.13266
3.73275
4.04071
3.94818
4.09737
3.8224
3.57746
2.96378
2.415
1.8855
1.35619
1.08007
0.932982
1.10068
1.614
2.31049
2.75373
3.19093
3.37116
3.58998
3.55339
3.39622
3.0145
2.52106
2.14963
1.54977
1.33919
2.25822
1.04968
0.994666
1.41044
2.09171
2.57125
2.8373
2.93323
3.28455
3.28485
3.46284
3.25556
3.10933
2.65985
2.30901
1.9179
1.51527
1.31292
0.925961
0.876906
0.95015
0.996385
1.14284
1.41088
1.62108
1.8988
1.91885
2.03091
2.08708
2.13969
2.26578
2.20386
2.18506
1.98836
1.7914
1.47189
1.20679
1.66002
1.26567
1.09337
1.11955
1.24863
1.46397
1.69542
1.8172
1.90957
2.02403
2.06265
2.07247
2.01207
2.48828
2.02009
1.60021
1.45371
1.36342
1.21308
1.11315
1.42561
0.821869
0.895344
1.05398
1.24928
1.43924
1.70541
1.84259
2.10827
2.16008
2.27519
2.25488
2.02323
1.79748
1.65877
1.56297
1.28661
1.03959
0.891991
0.767693
0.779977
0.92432
1.18318
1.6632
1.62418
1.7303
1.76245
1.72058
1.66988
1.49091
1.29725
1.01108
0.757067
0.659505
0.739573
0.656302
0.610617
0.77712
0.97016
1.10985
1.26844
1.34094
1.40353
1.48669
1.60635
1.6388
1.69282
1.52484
1.8128
1.51163
1.27872
1.00105
0.811673
0.740309
0.651602
0.731749
0.832534
1.06887
1.24115
1.37188
1.57918
1.69053
1.67337
2.53373
1.43922
1.16736
1.0552
0.893227
0.788517
0.716116
0.684403
0.778734
0.92377
1.07951
1.09262
1.28566
1.31089
1.40931
1.45934
1.41104
1.47635
1.43127
1.35699
1.37205
1.09786
1.63062
1.41461
1.14104
0.935058
1.03337
1.18385
1.67391
1.37859
1.58945
1.53242
1.55815
1.49499
1.38558
1.24615
1.05741
0.809688
0.763224
0.736926
0.768609
0.889564
1.08175
1.21345
1.33993
1.46797
1.49776
1.63109
1.60036
1.66703
1.59358
1.56241
1.50297
1.31808
1.28895
1.1276
1.07413
0.984871
0.906674
0.804783
2.15058
0.738858
0.583533
0.613609
0.732208
0.960453
0.97541
1.15545
1.24872
1.35527
1.28856
1.19026
0.944765
0.715077
0.698775
0.553037
0.593777
0.695157
0.917061
1.14022
1.50026
1.47588
1.35524
1.13183
2.95725
0.583895
0.411212
0.554451
0.66831
0.970702
1.1736
1.47452
1.7613
2.16823
2.01756
1.81485
1.44693
1.12477
0.816868
0.577791
0.524951
0.534034
0.707768
0.890793
1.20136
1.45683
1.67145
1.7552
1.6997
1.50249
1.10791
0.675772
0.450688
0.541936
0.719877
0.9203
4.79973
1.60617
1.72145
1.86634
1.92312
1.87957
1.69999
1.46943
1.52556
1.01747
0.712734
0.691656
0.828054
0.96517
1.23608
1.63452
1.91022
2.18827
2.19239
2.06986
1.7596
1.26333
0.819857
1.01361
2.54033
2.33145
2.26841
2.23037
2.05887
1.77285
1.37949
1.11959
0.863576
0.728851
0.803716
1.12698
1.6969
2.15086
2.63477
2.88296
2.93581
2.77093
2.11518
1.36215
0.776241
1.60292
1.27539
0.754559
1.19532
1.69227
2.08106
2.3846
2.41001
2.3904
2.06053
1.59613
1.03014
0.70012
0.778703
1.13132
1.53477
1.91175
2.30487
2.61284
2.79111
2.80566
2.41412
1.92849
1.29406
0.781605
0.834124
1.18543
1.6051
2.26524
2.75689
2.95812
3.02791
2.91582
2.56681
2.03606
1.27893
0.829196
0.915192
1.52885
1.96355
1.83043
1.61349
1.3664
1.15072
1.01658
0.928828
1.39783
0.78904
0.767928
1.0506
1.41665
1.74417
2.03084
2.27618
2.46103
2.45118
2.26521
1.90413
1.44225
1.01884
1.02001
1.44117
1.44601
1.56892
1.82869
2.09197
2.27462
2.27246
2.28614
2.1723
1.99613
2.17009
1.70943
1.36273
1.14625
1.17297
1.34182
1.68877
1.69473
1.86579
2.00341
2.00323
2.03012
2.0313
1.92399
1.77978
1.49705
1.28855
1.02254
0.802311
0.699965
0.69697
0.760722
1.01369
1.25812
1.56498
1.66454
1.74991
1.7548
1.72733
1.70429
1.73892
1.73902
1.76405
1.71822
1.64963
1.51918
1.33942
1.03472
3.0546
0.82576
0.630748
0.860707
1.14703
1.45724
1.73921
1.93622
1.96439
1.88488
1.78936
1.53026
1.16257
0.830101
0.527209
0.770393
0.870533
0.979122
1.28529
1.66091
1.99445
2.14898
2.35854
2.30004
2.2772
1.90443
1.55979
1.22185
1.39498
0.689131
0.678551
0.986386
1.3091
1.6812
1.96122
2.17332
2.24886
2.23085
2.10223
1.92807
1.64157
1.31891
1.04544
0.947408
1.08591
1.11493
1.12973
1.71734
1.87534
1.52804
0.932739
1.05914
1.31779
1.63143
1.93929
2.15753
2.3786
2.51674
2.26078
2.01093
1.75379
1.37384
1.04516
0.882113
1.03457
1.40814
1.56613
1.85252
1.60997
1.65258
1.76447
1.85538
1.83084
1.76617
1.68581
1.45459
1.22643
0.916753
0.721052
0.515516
0.589973
0.942385
1.05239
1.24851
1.50833
1.78742
1.8695
1.92227
1.9053
1.75568
1.55564
1.2465
1.00786
0.863542
0.759819
0.704579
0.700029
0.762752
0.901443
1.21425
1.46157
1.66695
1.92328
2.11262
2.14274
2.14757
1.91208
1.6171
1.18612
0.807389
0.735628
0.718664
1.47885
1.19111
1.27115
1.46036
1.66838
2.08721
2.22876
2.41084
2.9604
2.05798
1.65179
1.08191
0.67968
0.528477
0.628791
0.881617
1.25491
1.60141
1.89344
2.15717
2.22849
2.28821
2.12947
1.94225
1.61381
1.31539
0.987798
0.761137
1.66197
1.18563
0.910912
1.24995
1.65015
2.29
2.66804
2.67985
3.16116
2.64699
2.36005
2.21185
1.79011
1.50495
1.13383
0.892351
0.734321
0.761196
0.929468
1.18972
1.59229
1.87647
2.18718
2.40449
2.43872
2.47503
2.41616
2.22055
2.03038
1.90527
2.04727
2.10564
2.12476
1.94436
1.7353
1.54473
1.19146
0.910562
0.699036
0.514407
0.570381
0.929749
1.00688
1.04726
1.26164
1.39862
1.60063
1.80385
1.91354
2.01434
2.00893
1.95243
1.73065
1.58562
1.38271
1.20896
1.01751
0.798572
0.756944
0.72538
0.947906
1.28876
1.52633
1.85724
1.91416
1.88885
1.64651
1.30024
1.03963
0.753055
0.586973
0.638973
0.877736
1.23147
1.54396
1.84649
1.87359
1.76687
1.64438
1.41095
0.955708
0.679215
0.675087
0.641863
0.800742
1.04082
1.28873
1.55095
1.66312
1.7398
1.80357
1.87457
2.16966
1.78896
1.24541
0.845683
0.600259
0.689762
0.912466
1.19519
1.52008
1.79593
2.01609
2.15282
2.10629
1.99657
1.6466
1.44707
1.32948
0.884656
0.696608
0.796746
1.05911
1.39126
1.72906
1.97488
2.05748
2.13129
2.10201
1.9538
2.2889
1.75898
1.11591
0.831182
0.647489
0.654859
0.820797
1.15734
1.56215
1.83128
3.04338
2.42845
2.50724
2.47573
2.29296
1.94825
1.48907
1.01506
0.669322
0.592698
0.976227
1.50973
1.91288
2.24814
2.50931
2.492
2.34519
1.97979
1.5016
0.985713
1.45862
1.93142
2.39338
2.62037
3.95618
2.44689
2.11642
1.52253
1.01714
0.819261
0.898546
1.315
1.70471
2.14409
2.45802
2.7992
2.94387
2.89037
2.71701
2.22819
1.75407
1.11387
0.688607
1.37172
1.41178
1.65988
1.90947
2.23376
2.53412
2.83546
2.93869
3.03995
2.91665
2.68301
2.24101
1.66839
4.82421
1.149
0.771786
0.918803
1.24192
1.61035
1.93716
2.33362
2.63102
2.8235
2.88376
2.86312
2.71331
2.57194
2.21641
1.83524
1.35407
0.925524
0.648515
0.582968
0.818234
1.25845
1.96831
2.49475
2.77348
2.26908
2.0927
1.56274
1.18023
1.29847
1.82375
2.25913
2.53156
2.65163
2.5594
2.21918
1.68917
1.26379
0.967696
0.898578
1.10256
1.59675
2.1048
2.48626
2.77314
3.23909
3.00421
2.31393
1.77863
1.25473
1.01705
1.05236
1.27945
1.64253
2.04055
2.51778
3.41606
3.3816
3.32546
3.10212
2.76647
2.18727
1.7313
1.13905
2.08586
0.860974
1.11047
1.60203
2.26024
2.91944
3.36735
3.53389
3.55519
3.20514
2.6398
1.92095
1.22657
0.871668
1.0371
1.94936
2.91948
3.37817
3.25997
3.29425
2.88692
2.28952
2.09769
1.67655
1.44816
1.9339
1.98919
2.26474
2.112
2.25052
2.43573
2.3624
2.33333
2.06985
1.74491
1.30289
1.03493
0.953027
0.974591
1.07049
1.11465
1.49416
1.7105
1.74189
1.85233
1.913
1.89967
1.76279
1.55184
1.30126
1.07783
0.867887
0.662213
0.655276
0.931547
1.07558
1.30073
1.89837
1.8954
2.19811
2.09079
2.02119
1.97092
1.65108
1.33012
1.04573
0.884244
0.83737
0.80891
1.10601
1.30453
1.59288
1.73142
1.9408
1.98948
1.9558
1.76719
1.53714
1.29822
0.973974
1.23466
1.44428
1.65404
1.98463
2.22726
2.49382
2.54344
2.46538
2.16624
1.79003
2.77624
1.59341
1.30979
1.10711
1.07535
1.26262
1.55599
1.88391
2.20583
2.41444
2.53408
2.41004
2.31104
1.96043
1.62595
1.17557
0.717393
0.538567
0.860047
1.29021
1.68638
2.09636
2.37044
2.52561
2.5918
2.35806
2.01659
1.51285
1.54322
0.742666
2.08732
1.16362
2.6726
2.59013
2.67558
2.88575
3.01617
2.97046
2.82884
2.4778
2.00904
1.38868
0.92084
0.662009
0.790852
1.05784
1.44565
1.8906
2.21622
2.31549
2.08358
2.27168
2.3041
2.13419
1.85834
1.47254
1.14356
0.85977
1.36383
0.765822
0.933137
1.27375
1.58051
2.02377
2.42322
2.60493
2.68444
3.23794
2.80997
2.25428
1.85856
1.53152
1.48038
1.59249
1.94434
2.40207
2.67431
2.98776
2.95083
2.73613
2.26636
1.84539
1.7499
1.84728
2.09437
1.9412
2.14581
2.33955
2.3791
2.53096
2.57048
2.45428
2.30234
2.061
1.74303
1.4227
1.10346
1.07953
1.27597
1.73642
2.0101
2.15873
2.38391
2.50139
2.59573
2.61932
2.37267
2.07814
1.69048
1.26032
1.58109
1.96846
2.38519
2.78521
2.95591
3.01469
2.68523
2.24556
1.68892
1.20052
1.02053
1.2552
1.81567
2.34458
2.72673
3.18627
3.37715
3.1524
2.70541
2.04602
1.47144
1.11936
1.21816
2.11639
2.45475
2.82925
2.93377
2.74933
2.4649
1.93428
2.15102
1.75462
1.86809
2.24349
2.64358
3.0516
3.22479
2.88731
2.29876
1.43806
0.92732
1.05999
1.71802
2.21836
2.67645
3.02081
3.26838
3.39992
3.24092
2.94469
2.59999
2.04291
1.73361
1.95409
2.21667
1.9539
2.11044
2.51058
2.87743
2.63742
2.10837
2.08621
2.29826
2.57633
2.76641
2.77968
2.47847
1.98329
1.24254
0.665716
0.758611
1.27841
1.69803
1.90081
2.07163
2.09853
1.8672
1.72878
1.583
1.40979
1.25236
0.99937
0.74868
0.662376
0.667135
0.802892
0.917026
1.19511
1.3054
1.22496
1.04781
0.917296
0.733689
0.566622
0.413442
0.319748
0.290086
0.34039
0.423353
0.487584
0.520521
0.570611
0.575462
0.574996
0.550955
0.510276
0.413158
0.310389
0.280308
0.232339
0.242512
0.282994
0.344364
0.388061
0.405135
0.346451
0.254146
0.170903
0.122011
0.17276
0.343773
0.265596
0.249764
0.185884
0.121097
0.107047
0.173484
0.177985
0.128398
0.14951
0.164708
0.135845
0.100816
0.0668407
0.0391938
0.0293331
0.0338806
0.041814
0.041923
0.0390746
0.0354407
0.0299657
0.0238606
0.0174686
0.0122922
0.00839437
0.00636863
0.0043999
0.00291398
0.00216129
0.00214099
0.00142119
0.207091
0.253369
0.239319
0.256303
0.310337
0.363207
0.148011
0
0
0

