Adobe After Effects 8.0 Keyframe Data

	Units Per Second	30
	Source Width	100
	Source Height	100
	Source Pixel Aspect Ratio	1
	Comp Pixel Aspect Ratio	1

Effects	Slider Control #3	Slider #2
	Frame		
	0	0.000698637	
	1	0.000985931	
	2	0.000988352	
	3	0.00109131	
	4	0.00130517	
	5	0.00139323	
	6	0.00188887	
	7	0.00182834	
	8	0.00783257	
	9	0.014731	
	10	0.135303	
	11	0.144851	
	12	0.133661	
	13	0.116508	
	14	0.104228	
	15	0.0990622	
	16	0.0823338	
	17	0.0798602	
	18	0.352642	
	19	0.226897	
	20	0.144979	
	21	0.126017	
	22	0.107609	
	23	0.0877387	
	24	0.0788817	
	25	0.0795317	
	26	0.0687703	
	27	0.159088	
	28	0.195361	
	29	0.186031	
	30	0.157683	
	31	0.140622	
	32	0.123559	
	33	0.11513	
	34	0.092393	
	35	0.0819605	
	36	0.0740741	
	37	0.066562	
	38	0.0591406	
	39	0.0580733	
	40	0.0594619	
	41	0.0532612	
	42	0.0671032	
	43	0.209334	
	44	0.251623	
	45	0.26691	
	46	0.217426	
	47	0.182689	
	48	0.166214	
	49	0.144948	
	50	0.130275	
	51	0.113682	
	52	0.109976	
	53	0.0983993	
	54	0.117267	
	55	0.088247	
	56	0.0665581	
	57	0.065778	
	58	0.0644101	
	59	0.0672409	
	60	0.238189	
	61	0.204723	
	62	0.193041	
	63	0.205496	
	64	0.18452	
	65	0.179563	
	66	0.134368	
	67	0.110901	
	68	0.0952714	
	69	0.0914394	
	70	0.0778897	
	71	0.0796091	
	72	0.0773603	
	73	0.0901001	
	74	0.0861267	
	75	0.0992132	
	76	0.125695	
	77	0.16337	
	78	0.312934	
	79	0.257262	
	80	0.241001	
	81	0.201085	
	82	0.18705	
	83	0.153885	
	84	0.157625	
	85	0.143106	
	86	0.155274	
	87	0.130788	
	88	0.139597	
	89	0.0921821	
	90	0.083851	
	91	0.0712481	
	92	0.0677859	
	93	0.0730492	
	94	0.0669563	
	95	0.306919	
	96	0.31794	
	97	0.27728	
	98	0.213787	
	99	0.185403	
	100	0.129154	
	101	0.109785	
	102	0.0794382	
	103	0.34992	
	104	0.355664	
	105	0.299456	
	106	0.225538	
	107	0.161262	
	108	0.131364	
	109	0.150993	
	110	0.145427	
	111	0.255922	
	112	0.523824	
	113	0.357722	
	114	0.272371	
	115	0.212709	
	116	0.154122	
	117	0.170588	
	118	0.172328	
	119	0.153966	
	120	0.14818	
	121	0.140318	
	122	0.144182	
	123	0.173019	
	124	0.165362	
	125	0.119005	
	126	0.099733	
	127	0.0785677	
	128	0.453553	
	129	0.495941	
	130	0.410969	
	131	0.374561	
	132	0.329355	
	133	0.322719	
	134	0.282792	
	135	0.240078	
	136	0.234964	
	137	0.620336	
	138	0.460871	
	139	0.373569	
	140	0.294315	
	141	0.278056	
	142	0.279862	
	143	0.252976	
	144	0.262971	
	145	0.284075	
	146	0.490783	
	147	0.455637	
	148	0.340513	
	149	0.307641	
	150	0.298576	
	151	0.26518	
	152	0.283633	
	153	0.275394	
	154	0.219498	
	155	0.196414	
	156	0.205917	
	157	0.262343	
	158	0.197794	
	159	0.148758	
	160	0.156164	
	161	0.145363	
	162	0.65082	
	163	0.556649	
	164	0.354169	
	165	0.316182	
	166	0.249419	
	167	0.23232	
	168	0.210883	
	169	0.204488	
	170	0.19654	
	171	0.638426	
	172	0.578045	
	173	0.533805	
	174	0.457353	
	175	0.365297	
	176	0.32119	
	177	0.297711	
	178	0.26631	
	179	0.353152	
	180	0.585105	
	181	0.5521	
	182	0.380984	
	183	0.296852	
	184	0.536248	
	185	0.472884	
	186	0.296808	
	187	0.27607	
	188	0.240247	
	189	0.213548	
	190	0.177511	
	191	0.170339	
	192	0.175639	
	193	0.166277	
	194	0.189896	
	195	0.205358	
	196	0.5043	
	197	0.605085	
	198	0.558158	
	199	0.504409	
	200	0.484638	
	201	0.418718	
	202	0.353112	
	203	0.331835	
	204	0.261886	
	205	0.465438	
	206	0.595801	
	207	0.580643	
	208	0.514983	
	209	0.447728	
	210	0.407635	
	211	0.330942	
	212	0.401758	
	213	0.454185	
	214	0.504467	
	215	0.76604	
	216	0.606062	
	217	0.553692	
	218	0.595688	
	219	0.495587	
	220	0.452079	
	221	0.543299	
	222	0.668941	
	223	0.565022	
	224	0.548451	
	225	0.60062	
	226	0.520895	
	227	0.545709	
	228	0.458095	
	229	0.502882	
	230	0.613186	
	231	0.837657	
	232	0.637093	
	233	0.708081	
	234	0.617342	
	235	0.579675	
	236	0.562542	
	237	0.462321	
	238	0.501124	
	239	0.400803	
	240	0.474899	
	241	0.548537	
	242	0.509141	
	243	0.479091	
	244	0.269168	
	245	0.230212	
	246	0.415184	
	247	0.41487	
	248	0.64486	
	249	0.530182	
	250	0.387101	
	251	0.359295	
	252	0.649784	
	253	0.605118	
	254	0.692051	
	255	0.853709	
	256	0.828409	
	257	0.89623	
	258	1.05818	
	259	1.13861	
	260	1.00709	
	261	0.720828	
	262	1.06591	
	263	0.803866	
	264	1.06274	
	265	0.64351	
	266	0.894388	
	267	1.21594	
	268	0.896927	
	269	0.892429	
	270	1.04843	
	271	1.02559	
	272	1.80484	
	273	1.54945	
	274	1.53393	
	275	0.941516	
	276	0.532301	
	277	0.522273	
	278	0.470867	
	279	0.704414	
	280	0.633911	
	281	0.870911	
	282	1.16947	
	283	1.49984	
	284	1.69713	
	285	1.45956	
	286	0.962651	
	287	0.994187	
	288	1.17248	
	289	1.28922	
	290	0.930422	
	291	1.24169	
	292	1.02964	
	293	0.96027	
	294	1.02074	
	295	0.453007	
	296	0.68783	
	297	0.744362	
	298	1.20184	
	299	0.959764	
	300	0.726805	
	301	0.529445	
	302	0.590462	
	303	0.669155	
	304	0.55105	
	305	0.571248	
	306	1.1008	
	307	1.18265	
	308	1.22768	
	309	0.898051	
	310	0.577078	
	311	0.736751	
	312	1.03231	
	313	0.824018	
	314	0.432771	
	315	0.532396	
	316	0.449038	
	317	0.365292	
	318	0.309807	
	319	0.303677	
	320	0.599963	
	321	0.730963	
	322	0.848784	
	323	0.404046	
	324	0.253128	
	325	0.252545	
	326	0.227351	
	327	0.216615	
	328	0.235398	
	329	0.207932	
	330	0.188784	
	331	0.19864	
	332	0.214913	
	333	0.902177	
	334	0.725589	
	335	0.494249	
	336	0.398619	
	337	0.339512	
	338	0.320268	
	339	0.309051	
	340	0.312348	
	341	0.370967	
	342	0.294784	
	343	0.301984	
	344	0.29706	
	345	0.23023	
	346	0.36419	
	347	0.282452	
	348	0.223322	
	349	0.368169	
	350	0.299998	
	351	0.428279	
	352	0.438123	
	353	0.284103	
	354	0.27053	
	355	0.303453	
	356	0.250746	
	357	0.275307	
	358	0.411741	
	359	0.220782	
	360	0.268174	
	361	0.27944	
	362	0.199621	
	363	0.386708	
	364	0.286177	
	365	0.206015	
	366	0.503463	
	367	0.737681	
	368	0.671628	
	369	0.679178	
	370	0.561133	
	371	0.426439	
	372	0.440948	
	373	0.378965	
	374	0.498749	
	375	0.792812	
	376	0.589384	
	377	0.444552	
	378	0.489104	
	379	0.353676	
	380	0.304074	
	381	0.466274	
	382	0.350233	
	383	0.860833	
	384	0.89952	
	385	0.597963	
	386	0.462135	
	387	0.496738	
	388	0.37176	
	389	0.297572	
	390	0.44387	
	391	0.426123	
	392	0.413547	
	393	0.563681	
	394	0.460335	
	395	0.657581	
	396	0.794692	
	397	0.684804	
	398	0.603563	
	399	0.584205	
	400	0.854994	
	401	0.855794	
	402	0.704655	
	403	0.642509	
	404	0.688221	
	405	0.673266	
	406	0.566233	
	407	0.598598	
	408	0.762815	
	409	0.674602	
	410	0.72437	
	411	0.791351	
	412	0.885665	
	413	0.916274	
	414	0.819868	
	415	0.675455	
	416	0.72602	
	417	0.914316	
	418	0.962132	
	419	0.97461	
	420	1.32024	
	421	1.31564	
	422	1.22796	
	423	1.21353	
	424	1.18659	
	425	1.18542	
	426	1.22238	
	427	1.01996	
	428	1.27727	
	429	1.38387	
	430	1.53892	
	431	1.25419	
	432	1.21193	
	433	1.22808	
	434	1.25349	
	435	1.4259	
	436	1.19415	
	437	1.36804	
	438	1.22969	
	439	1.04695	
	440	1.1491	
	441	1.21407	
	442	1.18816	
	443	1.05434	
	444	1.10656	
	445	1.7348	
	446	1.33805	
	447	1.30395	
	448	1.17332	
	449	1.00298	
	450	1.32696	
	451	1.28916	
	452	1.33732	
	453	0.97983	
	454	0.945943	
	455	0.824887	
	456	0.98564	
	457	0.985586	
	458	1.32692	
	459	0.951318	
	460	0.969653	
	461	0.968951	
	462	1.08851	
	463	1.10142	
	464	0.782219	
	465	1.15256	
	466	1.02869	
	467	1.11021	
	468	1.16149	
	469	1.46458	
	470	1.24658	
	471	1.36452	
	472	0.866005	
	473	1.43488	
	474	0.832474	
	475	0.879004	
	476	0.901593	
	477	1.81835	
	478	1.39192	
	479	1.21317	
	480	1.33111	
	481	1.55383	
	482	0.861289	
	483	1.25307	
	484	0.91111	
	485	3.43398	
	486	2.33025	
	487	1.28017	
	488	0.97953	
	489	1.04893	
	490	0.968309	
	491	0.787594	
	492	0.841107	
	493	0.844066	
	494	0.918919	
	495	0.972523	
	496	1.12168	
	497	0.915696	
	498	0.993067	
	499	0.901773	
	500	0.893071	
	501	1.40277	
	502	0.908192	
	503	1.11503	
	504	0.928316	
	505	1.01722	
	506	1.18618	
	507	1.22575	
	508	1.16729	
	509	1.54093	
	510	1.42314	
	511	1.39791	
	512	1.58443	
	513	1.34356	
	514	1.38343	
	515	1.36581	
	516	1.67202	
	517	1.24751	
	518	1.06064	
	519	1.19996	
	520	2.02704	
	521	1.42177	
	522	1.46617	
	523	1.47373	
	524	2.16106	
	525	1.47095	
	526	1.40348	
	527	1.42491	
	528	2.08793	
	529	1.64905	
	530	2.12418	
	531	1.29509	
	532	1.71013	
	533	1.45089	
	534	1.62982	
	535	1.1976	
	536	1.28088	
	537	1.03374	
	538	1.04743	
	539	1.01219	
	540	1.12107	
	541	1.17863	
	542	1.04205	
	543	1.04481	
	544	1.29939	
	545	1.41947	
	546	1.1753	
	547	1.11578	
	548	1.05149	
	549	1.2666	
	550	1.05752	
	551	1.0529	
	552	0.907831	
	553	1.04542	
	554	0.918964	
	555	1.02203	
	556	0.877252	
	557	1.2779	
	558	0.788982	
	559	1.23386	
	560	1.00274	
	561	1.36139	
	562	1.28355	
	563	1.05747	
	564	1.40159	
	565	0.923584	
	566	1.16504	
	567	0.79657	
	568	1.06041	
	569	0.875849	
	570	1.01065	
	571	1.23021	
	572	0.73338	
	573	0.873851	
	574	0.787022	
	575	1.46162	
	576	1.17433	
	577	0.979814	
	578	1.01448	
	579	1.09133	
	580	1.67689	
	581	1.00499	
	582	1.09865	
	583	1.07219	
	584	0.945481	
	585	1.34874	
	586	0.915023	
	587	1.60211	
	588	1.12444	
	589	2.07701	
	590	1.54799	
	591	1.37063	
	592	1.25263	
	593	1.68775	
	594	2.00381	
	595	1.34011	
	596	1.11542	
	597	1.29354	
	598	1.71469	
	599	1.10329	
	600	1.72025	
	601	1.38365	
	602	1.42148	
	603	1.39518	
	604	1.11351	
	605	1.53134	
	606	0.91579	
	607	2.00092	
	608	1.521	
	609	1.38223	
	610	1.55441	
	611	1.54157	
	612	1.79896	
	613	1.15462	
	614	1.40153	
	615	1.20025	
	616	1.99798	
	617	1.7026	
	618	2.06326	
	619	1.18862	
	620	1.80025	
	621	1.51317	
	622	1.67873	
	623	1.63888	
	624	1.81916	
	625	1.81299	
	626	1.93529	
	627	1.64208	
	628	2.30927	
	629	1.91865	
	630	1.83188	
	631	1.45951	
	632	1.90628	
	633	1.64547	
	634	1.95137	
	635	1.68573	
	636	1.65702	
	637	2.54335	
	638	1.80581	
	639	1.80959	
	640	1.40569	
	641	2.03978	
	642	1.62144	
	643	2.22353	
	644	1.49946	
	645	2.14109	
	646	1.88884	
	647	1.95731	
	648	1.99773	
	649	1.83425	
	650	1.70152	
	651	1.27321	
	652	1.75192	
	653	1.18076	
	654	1.12598	
	655	1.12072	
	656	1.38361	
	657	1.75254	
	658	1.96237	
	659	1.67032	
	660	1.83925	
	661	1.25712	
	662	1.47181	
	663	1.44167	
	664	1.09077	
	665	1.39914	
	666	1.87179	
	667	1.78727	
	668	2.48872	
	669	1.27395	
	670	2.51943	
	671	1.41583	
	672	1.54268	
	673	1.4721	
	674	2.5466	
	675	1.94456	
	676	1.38162	
	677	1.159	
	678	1.43765	
	679	2.29707	
	680	1.06046	
	681	1.38902	
	682	1.35015	
	683	2.0963	
	684	1.09398	
	685	2.23131	
	686	2.17722	
	687	1.3029	
	688	1.54313	
	689	1.26737	
	690	1.52184	
	691	1.24062	
	692	2.12719	
	693	1.64708	
	694	1.68052	
	695	1.07912	
	696	1.37391	
	697	1.35917	
	698	1.06419	
	699	1.19122	
	700	0.959628	
	701	3.06523	
	702	1.29899	
	703	1.64215	
	704	1.4667	
	705	1.69461	
	706	1.68926	
	707	1.98287	
	708	1.61295	
	709	1.94552	
	710	1.88672	
	711	1.28576	
	712	1.88606	
	713	1.16035	
	714	1.50984	
	715	1.23112	
	716	1.5939	
	717	1.66976	
	718	1.17093	
	719	2.40154	
	720	1.2574	
	721	2.72379	
	722	1.22199	
	723	1.26032	
	724	1.18193	
	725	1.39065	
	726	1.22049	
	727	1.14048	
	728	2.85511	
	729	1.0129	
	730	2.09311	
	731	1.64897	
	732	1.71015	
	733	1.27911	
	734	1.37473	
	735	1.4109	
	736	1.26089	
	737	2.03735	
	738	0.883357	
	739	0.965155	
	740	0.944214	
	741	1.07921	
	742	1.0857	
	743	1.00625	
	744	1.10547	
	745	0.688663	
	746	1.59796	
	747	0.985984	
	748	1.67819	
	749	2.01484	
	750	0.844587	
	751	0.753118	
	752	1.03677	
	753	0.994241	
	754	1.16023	
	755	0.994892	
	756	0.883498	
	757	2.27526	
	758	1.02125	
	759	0.913449	
	760	0.920099	
	761	0.942767	
	762	1.01269	
	763	0.906131	
	764	1.08946	
	765	1.00262	
	766	0.669772	
	767	0.839432	
	768	1.00319	
	769	0.753831	
	770	0.81337	
	771	0.853006	
	772	0.716107	
	773	1.30439	
	774	0.936428	
	775	0.618053	
	776	0.591297	
	777	0.608786	
	778	0.537955	
	779	1.19786	
	780	1.187	
	781	0.632087	
	782	1.4505	
	783	1.10571	
	784	0.759327	
	785	0.663813	
	786	0.556296	
	787	0.616293	
	788	0.719191	
	789	0.826508	
	790	0.769664	
	791	1.22207	
	792	0.840904	
	793	0.647769	
	794	0.694236	
	795	0.640982	
	796	0.465945	
	797	0.508132	
	798	1.05259	
	799	1.48179	
	800	0.829102	
	801	0.67611	
	802	0.517062	
	803	0.562507	
	804	0.853992	
	805	0.764676	
	806	0.754441	
	807	1.08311	
	808	0.893844	
	809	0.556639	
	810	0.5664	
	811	0.74022	
	812	0.940437	
	813	0.666035	
	814	0.968934	
	815	0.857061	
	816	0.766036	
	817	0.682065	
	818	0.74455	
	819	0.678478	
	820	0.721359	
	821	0.617583	
	822	0.758105	
	823	0.573035	
	824	0.702056	
	825	1.15555	
	826	0.853091	
	827	0.633545	
	828	0.914221	
	829	0.921421	
	830	1.07405	
	831	0.946374	
	832	1.68591	
	833	1.10875	
	834	0.74632	
	835	0.642636	
	836	0.53358	
	837	0.723624	
	838	0.601145	
	839	0.686304	
	840	0.564604	
	841	0.642817	
	842	0.503651	
	843	0.631259	
	844	1.01153	
	845	0.810454	
	846	1.15875	
	847	0.90386	
	848	0.799577	
	849	0.815624	
	850	0.761801	
	851	1.40254	
	852	0.641167	
	853	0.531558	
	854	0.72186	
	855	0.80414	
	856	0.523464	
	857	0.570369	
	858	0.521614	
	859	0.612315	
	860	0.935959	
	861	1.59587	
	862	0.952701	
	863	0.845207	
	864	0.756228	
	865	0.810856	
	866	0.88935	
	867	0.674229	
	868	1.38044	
	869	1.10064	
	870	1.15121	
	871	1.1223	
	872	0.582132	
	873	0.640559	
	874	0.546522	
	875	0.586185	
	876	1.34295	
	877	1.82301	
	878	1.03652	
	879	0.693007	
	880	0.58478	
	881	0.959109	
	882	0.642798	
	883	0.909462	
	884	1.15671	
	885	0.660641	
	886	0.578188	
	887	1.27532	
	888	1.0285	
	889	0.847843	
	890	0.988599	
	891	0.893993	
	892	1.76564	
	893	1.0512	
	894	0.435186	
	895	0.554322	
	896	1.24074	
	897	1.26085	
	898	0.765453	
	899	1.1367	
	900	0.811405	
	901	0.869537	
	902	1.04023	
	903	1.40255	
	904	0.838839	
	905	0.591393	
	906	0.552468	
	907	0.789846	
	908	1.29825	
	909	1.16075	
	910	1.25233	
	911	1.29405	
	912	0.8683	
	913	1.01907	
	914	1.27871	
	915	1.32219	
	916	1.0077	
	917	1.87583	
	918	0.858327	
	919	1.23126	
	920	0.861111	
	921	1.71851	
	922	1.02581	
	923	1.05968	
	924	1.06192	
	925	1.25558	
	926	1.24996	
	927	1.08213	
	928	1.23042	
	929	0.707987	
	930	1.41992	
	931	0.708743	
	932	1.16956	
	933	0.839353	
	934	1.32837	
	935	1.1901	
	936	0.872198	
	937	1.26034	
	938	0.789931	
	939	1.2862	
	940	0.722205	
	941	0.903846	
	942	0.695674	
	943	0.894857	
	944	0.949833	
	945	0.803817	
	946	0.896386	
	947	0.622487	
	948	1.50631	
	949	0.629343	
	950	0.978118	
	951	0.593024	
	952	0.970043	
	953	0.619566	
	954	0.77939	
	955	0.63688	
	956	0.684021	
	957	0.794526	
	958	0.599451	
	959	0.85504	
	960	0.478936	
	961	0.901708	
	962	0.475083	
	963	0.808228	
	964	0.540521	
	965	1.05913	
	966	0.941552	
	967	0.6892	
	968	0.857083	
	969	0.77803	
	970	1.21003	
	971	0.496541	
	972	0.768446	
	973	0.59719	
	974	1.1189	
	975	0.609563	
	976	0.810754	
	977	0.51491	
	978	1.0775	
	979	0.823283	
	980	0.601805	
	981	0.759577	
	982	0.739921	
	983	0.853795	
	984	0.423946	
	985	1.01977	
	986	0.431431	
	987	1.20417	
	988	0.787451	
	989	0.974683	
	990	0.741142	
	991	0.975161	
	992	0.847146	
	993	0.451628	
	994	0.65284	
	995	0.36114	
	996	0.90515	
	997	0.582218	
	998	0.777026	
	999	0.565485	
	1000	0.763748	
	1001	1.29252	
	1002	0.561278	
	1003	0.872018	
	1004	0.621486	
	1005	1.16063	
	1006	0.635149	
	1007	0.705157	
	1008	0.671936	
	1009	1.06599	
	1010	0.878524	
	1011	0.567365	
	1012	0.742209	
	1013	0.646274	
	1014	0.948033	
	1015	0.461575	
	1016	0.876769	
	1017	0.567319	
	1018	0.906364	
	1019	0.591109	
	1020	0.756881	
	1021	0.526863	
	1022	0.625852	
	1023	0.837811	
	1024	0.458856	
	1025	0.740202	
	1026	0.524747	
	1027	1.26339	
	1028	0.79674	
	1029	0.746762	
	1030	0.498066	
	1031	0.680846	
	1032	0.797816	
	1033	0.427437	
	1034	0.668648	
	1035	0.463262	
	1036	0.910577	
	1037	0.656479	
	1038	0.541919	
	1039	0.535074	
	1040	0.530471	
	1041	1.0313	
	1042	0.593044	
	1043	0.606227	
	1044	0.446317	
	1045	0.782918	
	1046	0.924982	
	1047	0.549025	
	1048	0.683019	
	1049	0.568229	
	1050	0.808716	
	1051	0.691728	
	1052	0.669161	
	1053	0.989397	
	1054	0.611047	
	1055	0.724348	
	1056	0.595612	
	1057	0.744561	
	1058	0.576787	
	1059	0.787379	
	1060	0.817063	
	1061	0.638279	
	1062	0.457594	
	1063	0.518209	
	1064	0.789023	
	1065	0.813113	
	1066	0.606609	
	1067	0.624116	
	1068	0.683818	
	1069	0.918862	
	1070	0.62813	
	1071	0.624494	
	1072	0.559598	
	1073	0.744341	
	1074	0.654377	
	1075	0.929242	
	1076	0.802474	
	1077	0.823745	
	1078	1.07989	
	1079	0.659033	
	1080	0.669594	
	1081	0.430626	
	1082	0.538207	
	1083	0.447778	
	1084	0.50631	
	1085	0.452597	
	1086	0.455405	
	1087	0.526121	
	1088	0.377052	
	1089	0.373013	
	1090	0.330955	
	1091	0.339648	
	1092	0.317445	
	1093	0.382002	
	1094	0.360716	
	1095	0.330799	
	1096	0.334378	
	1097	0.328816	
	1098	0.3224	
	1099	0.366864	
	1100	0.392489	
	1101	0.348329	
	1102	0.351835	
	1103	0.381669	
	1104	0.426035	
	1105	0.333678	
	1106	0.330263	
	1107	0.473165	
	1108	0.579479	
	1109	0.44161	
	1110	0.348614	
	1111	0.39587	
	1112	0.407846	
	1113	0.448595	
	1114	0.42636	
	1115	0.4604	
	1116	0.419609	
	1117	0.438735	
	1118	0.398657	
	1119	0.53453	
	1120	0.553304	
	1121	0.582809	
	1122	0.775732	
	1123	0.801859	
	1124	0.918677	
	1125	0.90819	
	1126	1.08816	
	1127	1.14507	
	1128	1.17385	
	1129	1.32442	
	1130	1.47253	
	1131	1.77892	
	1132	1.58834	
	1133	1.67242	
	1134	1.86823	
	1135	1.84136	
	1136	1.87208	
	1137	1.62558	
	1138	1.57808	
	1139	1.73624	
	1140	1.60059	
	1141	1.84543	
	1142	1.74615	
	1143	1.43639	
	1144	1.50371	
	1145	1.39145	
	1146	1.13384	
	1147	1.37316	
	1148	1.35911	
	1149	1.43537	
	1150	1.33922	
	1151	1.48627	
	1152	1.46323	
	1153	1.34236	
	1154	1.29291	
	1155	1.32742	
	1156	1.63409	
	1157	1.29562	
	1158	1.54759	
	1159	1.34772	
	1160	1.86781	
	1161	1.62577	
	1162	1.69884	
	1163	1.90328	
	1164	2.72423	
	1165	2.39018	
	1166	3.04675	
	1167	2.15058	
	1168	1.60085	
	1169	1.14179	
	1170	1.21524	
	1171	1.28468	
	1172	1.15252	
	1173	1.24965	
	1174	1.1818	
	1175	1.19138	
	1176	1.11256	
	1177	1.19395	
	1178	1.07883	
	1179	1.04237	
	1180	1.17667	
	1181	1.39564	
	1182	1.44452	
	1183	1.36086	
	1184	1.42794	
	1185	1.30301	
	1186	1.01145	
	1187	1.10865	
	1188	0.987687	
	1189	0.996584	
	1190	0.851789	
	1191	0.825881	
	1192	0.99698	
	1193	0.844517	
	1194	0.88448	
	1195	1.11734	
	1196	1.05801	
	1197	1.09887	
	1198	0.782227	
	1199	0.677609	
	1200	0.671608	
	1201	0.559943	
	1202	0.724605	
	1203	0.782116	
	1204	0.675636	
	1205	0.73093	
	1206	1.16252	
	1207	0.94711	
	1208	1.08087	
	1209	1.42271	
	1210	1.29722	
	1211	1.60508	
	1212	1.71966	
	1213	1.69002	
	1214	1.6502	
	1215	0.977272	
	1216	0.929718	
	1217	0.728977	
	1218	0.843974	
	1219	0.592101	
	1220	0.536678	
	1221	0.707266	
	1222	0.992203	
	1223	0.774384	
	1224	1.05808	
	1225	1.197	
	1226	1.32782	
	1227	1.58011	
	1228	1.48914	
	1229	1.49116	
	1230	1.64928	
	1231	1.6657	
	1232	0.944552	
	1233	0.908069	
	1234	0.903799	
	1235	0.825203	
	1236	0.936338	
	1237	1.21986	
	1238	0.90589	
	1239	0.891195	
	1240	0.737018	
	1241	0.780622	
	1242	0.945945	
	1243	0.886324	
	1244	0.850289	
	1245	0.816039	
	1246	0.824976	
	1247	0.75217	
	1248	0.555692	
	1249	0.811781	
	1250	0.714801	
	1251	0.762923	
	1252	0.698067	
	1253	0.733465	
	1254	0.58236	
	1255	0.659639	
	1256	0.808724	
	1257	0.78419	
	1258	0.788574	
	1259	0.80727	
	1260	0.721911	
	1261	1.17783	
	1262	1.31296	
	1263	1.45192	
	1264	1.55636	
	1265	1.27071	
	1266	1.81729	
	1267	2.13078	
	1268	2.21189	
	1269	2.08592	
	1270	1.43315	
	1271	2.07846	
	1272	2.22315	
	1273	2.10309	
	1274	1.45028	
	1275	0.969466	
	1276	1.80637	
	1277	1.85472	
	1278	1.18787	
	1279	0.856715	
	1280	0.880198	
	1281	1.0677	
	1282	1.31125	
	1283	0.977245	
	1284	0.947385	
	1285	0.74372	
	1286	0.672066	
	1287	0.812153	
	1288	0.799744	
	1289	0.873467	
	1290	1.04202	
	1291	1.22059	
	1292	1.55908	
	1293	1.60978	
	1294	1.88138	
	1295	2.47564	
	1296	2.87673	
	1297	1.70079	
	1298	1.65627	
	1299	1.38386	
	1300	1.33209	
	1301	0.951229	
	1302	0.97369	
	1303	1.07866	
	1304	0.909708	
	1305	1.33548	
	1306	1.29607	
	1307	1.09786	
	1308	1.04953	
	1309	0.879947	
	1310	1.14279	
	1311	1.84523	
	1312	2.11853	
	1313	2.37614	
	1314	3.21533	
	1315	3.27373	
	1316	3.11591	
	1317	2.84266	
	1318	2.62826	
	1319	2.40684	
	1320	1.71541	
	1321	2.05062	
	1322	2.0005	
	1323	1.97907	
	1324	2.10216	
	1325	2.58998	
	1326	3.51295	
	1327	3.32797	
	1328	2.60294	
	1329	2.47393	
	1330	2.20727	
	1331	2.44695	
	1332	2.46706	
	1333	2.384	
	1334	2.44237	
	1335	2.37394	
	1336	2.50005	
	1337	2.40258	
	1338	2.18451	
	1339	1.77693	
	1340	1.73784	
	1341	1.79918	
	1342	1.88707	
	1343	2.00098	
	1344	1.97135	
	1345	2.60241	
	1346	2.79649	
	1347	2.33519	
	1348	1.99412	
	1349	1.95293	
	1350	1.59646	
	1351	1.95513	
	1352	2.22422	
	1353	2.54256	
	1354	1.99534	
	1355	1.9568	
	1356	2.31457	
	1357	2.36259	
	1358	1.87552	
	1359	1.8932	
	1360	1.62073	
	1361	1.72645	
	1362	1.5315	
	1363	1.55103	
	1364	1.44564	
	1365	1.69964	
	1366	3.05645	
	1367	4.21192	
	1368	4.91829	
	1369	3.29257	
	1370	2.40334	
	1371	2.17938	
	1372	2.06421	
	1373	1.93739	
	1374	1.80118	
	1375	1.90893	
	1376	1.69941	
	1377	1.72132	
	1378	1.41244	
	1379	3.12053	
	1380	4.00523	
	1381	4.66356	
	1382	3.81424	
	1383	3.64674	
	1384	3.782	
	1385	3.85372	
	1386	3.53173	
	1387	2.66413	
	1388	4.1535	
	1389	4.79693	
	1390	3.57848	
	1391	2.93745	
	1392	2.22076	
	1393	3.02366	
	1394	3.28221	
	1395	3.74027	
	1396	3.34975	
	1397	2.88083	
	1398	2.87538	
	1399	2.60586	
	1400	2.96902	
	1401	2.34097	
	1402	2.19953	
	1403	2.04469	
	1404	2.21595	
	1405	2.40991	
	1406	2.44928	
	1407	2.22394	
	1408	3.11136	
	1409	2.27653	
	1410	2.29347	
	1411	2.32308	
	1412	2.10275	
	1413	2.55215	
	1414	2.2772	
	1415	2.21002	
	1416	2.361	
	1417	1.80423	
	1418	2.63158	
	1419	3.10623	
	1420	2.40388	
	1421	1.75649	
	1422	1.35962	
	1423	2.02676	
	1424	2.44624	
	1425	3.18392	
	1426	2.5973	
	1427	2.46976	
	1428	2.58951	
	1429	2.07464	
	1430	2.22078	
	1431	2.06006	
	1432	1.81518	
	1433	1.52563	
	1434	1.57441	
	1435	1.60979	
	1436	1.43431	
	1437	1.52312	
	1438	2.65605	
	1439	2.28674	
	1440	1.52323	
	1441	2.08701	
	1442	2.0454	
	1443	2.06027	
	1444	2.41804	
	1445	2.48619	
	1446	2.17931	
	1447	2.20093	
	1448	2.09806	
	1449	1.99796	
	1450	2.03983	
	1451	2.17314	
	1452	1.76903	
	1453	1.43218	
	1454	1.51969	
	1455	1.34189	
	1456	1.09249	
	1457	1.5371	
	1458	1.77709	
	1459	1.60767	
	1460	2.09558	
	1461	2.1258	
	1462	2.05497	
	1463	1.99481	
	1464	1.96508	
	1465	1.98301	
	1466	1.69826	
	1467	1.56174	
	1468	1.39573	
	1469	1.23131	
	1470	1.19592	
	1471	1.1052	
	1472	1.11705	
	1473	1.49038	
	1474	1.15378	
	1475	1.03121	
	1476	1.03843	
	1477	1.19682	
	1478	1.63506	
	1479	1.94407	
	1480	2.03136	
	1481	1.64784	
	1482	1.3134	
	1483	1.11061	
	1484	1.05499	
	1485	1.76759	
	1486	1.57493	
	1487	1.39237	
	1488	1.12297	
	1489	1.06596	
	1490	1.69301	
	1491	1.89557	
	1492	1.71031	
	1493	1.21586	
	1494	1.32524	
	1495	1.15954	
	1496	1.87168	
	1497	1.66976	
	1498	1.47877	
	1499	1.28378	
	1500	1.25431	
	1501	1.64104	
	1502	1.8119	
	1503	1.75696	
	1504	1.50998	
	1505	1.3793	
	1506	1.1152	
	1507	0.995551	
	1508	0.885829	
	1509	1.23783	
	1510	1.6891	
	1511	1.71197	
	1512	1.4805	
	1513	1.23074	
	1514	1.10718	
	1515	1.01255	
	1516	1.59188	
	1517	1.88068	
	1518	1.96099	
	1519	2.17651	
	1520	1.76032	
	1521	1.9141	
	1522	1.50569	
	1523	1.20853	
	1524	1.21941	
	1525	0.984712	
	1526	1.07121	
	1527	1.47483	
	1528	1.92413	
	1529	1.83409	
	1530	1.82528	
	1531	1.73204	
	1532	1.48432	
	1533	1.15883	
	1534	1.12242	
	1535	1.23371	
	1536	1.91368	
	1537	1.59038	
	1538	1.19584	
	1539	0.928619	
	1540	1.36772	
	1541	1.69928	
	1542	1.73167	
	1543	1.60805	
	1544	1.26603	
	1545	1.13626	
	1546	1.5169	
	1547	1.90689	
	1548	1.42643	
	1549	1.04259	
	1550	1.80889	
	1551	1.75393	
	1552	1.85555	
	1553	1.61868	
	1554	1.49521	
	1555	1.67903	
	1556	1.89677	
	1557	1.79777	
	1558	1.44085	
	1559	1.30883	
	1560	1.16576	
	1561	1.82643	
	1562	1.97043	
	1563	1.96128	
	1564	1.92332	
	1565	1.91304	
	1566	2.08203	
	1567	1.84602	
	1568	1.30548	
	1569	1.29203	
	1570	0.990429	
	1571	1.64623	
	1572	1.53765	
	1573	1.20804	
	1574	1.06587	
	1575	1.09017	
	1576	1.18216	
	1577	1.58803	
	1578	2.10292	
	1579	1.93113	
	1580	1.65207	
	1581	1.49609	
	1582	1.80474	
	1583	1.90492	
	1584	1.51257	
	1585	1.7531	
	1586	2.03583	
	1587	1.67702	
	1588	1.4093	
	1589	1.95043	
	1590	1.46783	
	1591	1.27238	
	1592	1.30291	
	1593	1.47029	
	1594	2.00562	
	1595	2.12385	
	1596	2.39658	
	1597	2.13862	
	1598	1.95882	
	1599	2.03417	
	1600	1.96999	
	1601	1.4646	
	1602	1.17926	
	1603	1.18804	
	1604	1.55002	
	1605	2.01078	
	1606	1.62346	
	1607	1.57748	
	1608	1.42634	
	1609	1.65257	
	1610	2.11451	
	1611	1.95365	
	1612	1.6689	
	1613	1.40335	
	1614	1.24445	
	1615	1.76608	
	1616	1.64272	
	1617	1.28969	
	1618	1.14811	
	1619	1.11087	
	1620	1.40755	
	1621	1.93688	
	1622	1.73818	
	1623	1.48282	
	1624	1.19147	
	1625	1.34582	
	1626	1.86694	
	1627	1.95371	
	1628	2.13663	
	1629	1.63597	
	1630	1.42702	
	1631	1.76663	
	1632	1.69129	
	1633	1.62497	
	1634	1.30737	
	1635	1.12437	
	1636	1.85604	
	1637	2.0248	
	1638	1.51565	
	1639	1.26153	
	1640	1.11086	
	1641	1.12776	
	1642	1.60263	
	1643	1.99405	
	1644	1.82728	
	1645	1.7955	
	1646	1.68424	
	1647	1.46592	
	1648	1.06668	
	1649	1.07188	
	1650	0.841368	
	1651	1.5905	
	1652	1.88068	
	1653	1.90199	
	1654	1.63848	
	1655	1.41284	
	1656	1.07566	
	1657	1.08424	
	1658	1.01474	
	1659	1.34642	
	1660	1.93469	
	1661	2.06951	
	1662	1.88781	
	1663	1.50256	
	1664	1.5931	
	1665	1.36086	
	1666	1.25646	
	1667	1.1859	
	1668	1.07514	
	1669	1.47466	
	1670	1.97663	
	1671	1.94402	
	1672	1.98124	
	1673	1.83351	
	1674	1.85492	
	1675	1.85309	
	1676	1.46736	
	1677	1.23691	
	1678	1.10929	
	1679	1.21307	
	1680	1.13967	
	1681	1.05694	
	1682	1.70913	
	1683	1.82852	
	1684	1.94992	
	1685	2.04619	
	1686	2.04375	
	1687	2.10816	
	1688	1.87688	
	1689	1.89027	
	1690	1.81945	
	1691	1.71425	
	1692	1.55336	
	1693	1.40044	
	1694	1.251	
	1695	1.1072	
	1696	0.993183	
	1697	1.47902	
	1698	1.93012	
	1699	2.03045	
	1700	2.20449	
	1701	2.08943	
	1702	1.89472	
	1703	1.93648	
	1704	2.03388	
	1705	1.95526	
	1706	1.85943	
	1707	1.15106	
	1708	1.15092	
	1709	0.955965	
	1710	0.988019	
	1711	1.09861	
	1712	1.08652	
	1713	1.82928	
	1714	2.05522	
	1715	2.01422	
	1716	2.01971	
	1717	2.05713	
	1718	2.14264	
	1719	2.05875	
	1720	1.68896	
	1721	1.66815	
	1722	1.58951	
	1723	1.30333	
	1724	1.02299	
	1725	0.947109	
	1726	0.851526	
	1727	1.02271	
	1728	1.12452	
	1729	1.10723	
	1730	0.844734	
	1731	1.07118	
	1732	1.74487	
	1733	1.94562	
	1734	2.00423	
	1735	1.97322	
	1736	1.85353	
	1737	1.8575	
	1738	1.80537	
	1739	1.7871	
	1740	1.91294	
	1741	1.78765	
	1742	1.35972	
	1743	0.960075	
	1744	0.90476	
	1745	0.996559	
	1746	0.982691	
	1747	0.850751	
	1748	1.01087	
	1749	1.1285	
	1750	0.991482	
	1751	0.981187	
	1752	0.97542	
	1753	0.910593	
	1754	0.779517	
	1755	0.742013	
	1756	0.730575	
	1757	0.660108	
	1758	0.67332	
	1759	0.736483	
	1760	0.765959	
	1761	0.758524	
	1762	1.08138	
	1763	1.859	
	1764	1.77824	
	1765	1.65616	
	1766	1.63316	
	1767	1.95187	
	1768	1.44184	
	1769	1.71814	
	1770	1.83073	
	1771	1.81594	
	1772	1.53519	
	1773	1.80779	
	1774	1.86411	
	1775	1.65212	
	1776	1.73949	
	1777	1.61508	
	1778	1.89569	
	1779	1.82368	
	1780	1.88516	
	1781	1.83166	
	1782	1.93808	
	1783	1.75074	
	1784	1.56923	
	1785	1.73602	
	1786	1.75458	
	1787	1.71088	
	1788	1.89489	
	1789	1.77911	
	1790	1.5499	
	1791	1.68385	
	1792	1.59921	
	1793	1.55633	
	1794	1.64659	
	1795	1.73441	
	1796	1.8844	
	1797	1.64609	
	1798	1.80293	
	1799	1.79266	
	1800	1.51872	
	1801	1.64797	
	1802	1.72119	
	1803	1.97523	
	1804	1.84931	
	1805	1.85364	
	1806	1.74657	
	1807	2.1412	
	1808	1.98436	
	1809	1.83229	
	1810	1.93267	
	1811	1.95825	
	1812	1.81113	
	1813	2.08826	
	1814	1.95347	
	1815	1.92446	
	1816	1.98438	
	1817	2.00572	
	1818	1.9236	
	1819	1.85084	
	1820	1.90778	
	1821	1.77177	
	1822	1.85063	
	1823	1.87266	
	1824	1.93412	
	1825	1.72554	
	1826	2.03538	
	1827	1.95551	
	1828	2.0729	
	1829	2.09313	
	1830	1.70297	
	1831	1.85602	
	1832	2.06386	
	1833	2.26561	
	1834	2.00454	
	1835	1.85415	
	1836	1.97478	
	1837	2.15582	
	1838	2.13549	
	1839	2.15455	
	1840	1.93693	
	1841	1.83826	
	1842	1.85397	
	1843	1.82994	
	1844	1.83011	
	1845	1.71556	
	1846	1.91687	
	1847	1.94828	
	1848	1.85452	
	1849	1.95827	
	1850	1.82911	
	1851	1.77972	
	1852	1.8231	
	1853	1.87293	
	1854	1.85208	
	1855	2.02948	
	1856	2.06873	
	1857	2.17209	
	1858	1.89231	
	1859	1.97519	
	1860	1.8609	
	1861	1.87787	
	1862	1.97417	
	1863	1.9977	
	1864	2.05392	
	1865	1.86322	
	1866	1.93509	
	1867	1.97087	
	1868	2.02165	
	1869	2.0332	
	1870	2.08563	
	1871	2.46058	
	1872	2.39626	
	1873	2.11016	
	1874	2.40109	
	1875	2.20978	
	1876	2.23342	
	1877	2.25217	
	1878	2.49773	
	1879	2.47167	
	1880	2.65735	
	1881	2.40452	
	1882	2.51243	
	1883	2.50719	
	1884	2.78692	
	1885	2.34389	
	1886	1.81048	
	1887	2.11139	
	1888	1.8383	
	1889	2.151	
	1890	2.04247	
	1891	1.87647	
	1892	2.09324	
	1893	2.26181	
	1894	1.88963	
	1895	1.85292	
	1896	2.014	
	1897	2.12761	
	1898	2.25885	
	1899	2.18324	
	1900	2.08633	
	1901	2.36728	
	1902	2.46035	
	1903	2.31307	
	1904	2.27597	
	1905	2.21187	
	1906	2.51324	
	1907	1.84385	
	1908	2.21843	
	1909	2.22112	
	1910	2.19889	
	1911	2.4225	
	1912	2.2639	
	1913	2.32952	
	1914	2.10166	
	1915	2.37878	
	1916	2.45532	
	1917	2.20063	
	1918	2.48837	
	1919	2.26824	
	1920	2.0881	
	1921	2.33958	
	1922	2.26036	
	1923	2.43584	
	1924	2.32441	
	1925	2.27518	
	1926	2.51511	
	1927	2.37205	
	1928	2.07727	
	1929	2.26993	
	1930	1.96332	
	1931	2.08691	
	1932	2.13565	
	1933	2.15446	
	1934	1.97306	
	1935	1.87419	
	1936	1.84399	
	1937	2.03446	
	1938	2.08601	
	1939	2.1792	
	1940	2.21103	
	1941	2.16038	
	1942	2.09942	
	1943	2.16803	
	1944	2.19036	
	1945	2.0376	
	1946	2.03629	
	1947	1.93888	
	1948	1.97252	
	1949	1.8161	
	1950	1.93745	
	1951	1.89869	
	1952	2.5935	
	1953	1.9852	
	1954	2.00621	
	1955	1.87228	
	1956	1.85423	
	1957	1.86812	
	1958	1.73187	
	1959	1.74123	
	1960	1.78061	
	1961	1.78231	
	1962	1.70536	
	1963	1.80692	
	1964	1.81011	
	1965	1.92963	
	1966	1.87416	
	1967	1.83214	
	1968	1.72984	
	1969	1.66585	
	1970	1.58435	
	1971	1.72668	
	1972	1.71832	
	1973	2.11223	
	1974	1.882	
	1975	1.74862	
	1976	1.8629	
	1977	1.95519	
	1978	1.82966	
	1979	1.98531	
	1980	2.22073	
	1981	2.04431	
	1982	1.90269	
	1983	2.09475	
	1984	3.42001	
	1985	2.32604	
	1986	2.04321	
	1987	2.20868	
	1988	2.48529	
	1989	2.42058	
	1990	2.2197	
	1991	2.47259	
	1992	2.14875	
	1993	1.77912	
	1994	1.54903	
	1995	1.52714	
	1996	1.65281	
	1997	1.71591	
	1998	1.75445	
	1999	1.77203	
	2000	1.73557	
	2001	1.88669	
	2002	2.01749	
	2003	2.10724	
	2004	2.22149	
	2005	1.95408	
	2006	2.25884	
	2007	2.15947	
	2008	2.11756	
	2009	2.1368	
	2010	1.97105	
	2011	1.93796	
	2012	1.87156	
	2013	1.99543	
	2014	1.88849	
	2015	1.49754	
	2016	1.66574	
	2017	1.79998	
	2018	1.82229	
	2019	1.52544	
	2020	1.41472	
	2021	1.66603	
	2022	1.69876	
	2023	1.9657	
	2024	1.78263	
	2025	1.58812	
	2026	1.66603	
	2027	1.82425	
	2028	2.20161	
	2029	2.6369	
	2030	2.19262	
	2031	2.14867	
	2032	2.38801	
	2033	2.06949	
	2034	2.04216	
	2035	2.08793	
	2036	2.2252	
	2037	2.08158	
	2038	1.42394	
	2039	2.01037	
	2040	2.10067	
	2041	1.93759	
	2042	2.13944	
	2043	1.73026	
	2044	2.04068	
	2045	1.86895	
	2046	1.78142	
	2047	1.87001	
	2048	2.38545	
	2049	1.70008	
	2050	1.77394	
	2051	1.72838	
	2052	1.86316	
	2053	1.575	
	2054	1.54415	
	2055	1.97667	
	2056	1.84527	
	2057	2.03292	
	2058	1.81539	
	2059	1.80591	
	2060	2.21966	
	2061	1.75721	
	2062	1.90582	
	2063	1.76993	
	2064	1.83411	
	2065	1.84537	
	2066	1.33926	
	2067	1.15206	
	2068	1.05186	
	2069	0.959832	
	2070	1.53436	
	2071	2.18178	
	2072	2.08546	
	2073	1.84538	
	2074	1.56945	
	2075	1.95758	
	2076	2.14503	
	2077	1.97366	
	2078	1.7715	
	2079	1.51042	
	2080	1.47003	
	2081	1.28763	
	2082	1.7578	
	2083	2.02712	
	2084	1.58999	
	2085	1.69	
	2086	1.74576	
	2087	1.90717	
	2088	2.06905	
	2089	1.98523	
	2090	1.45649	
	2091	1.13167	
	2092	1.06427	
	2093	1.30912	
	2094	1.69859	
	2095	1.8786	
	2096	1.54551	
	2097	1.41057	
	2098	1.32677	
	2099	1.4509	
	2100	1.73326	
	2101	1.80735	
	2102	1.57505	
	2103	1.20555	
	2104	0.963868	
	2105	0.932886	
	2106	1.15013	
	2107	2.0083	
	2108	1.58044	
	2109	1.32747	
	2110	1.19419	
	2111	1.09869	
	2112	1.38955	
	2113	1.84814	
	2114	1.56896	
	2115	1.06304	
	2116	0.964409	
	2117	1.0537	
	2118	1.02642	
	2119	1.04414	
	2120	1.84809	
	2121	1.79895	
	2122	1.54594	
	2123	1.38984	
	2124	1.10666	
	2125	1.0445	
	2126	1.04286	
	2127	0.9486	
	2128	1.79254	
	2129	1.78023	
	2130	1.52437	
	2131	0.893882	
	2132	0.904547	
	2133	0.817569	
	2134	0.817263	
	2135	0.903627	
	2136	0.888308	
	2137	1.28097	
	2138	2.42437	
	2139	1.49352	
	2140	1.38922	
	2141	1.39169	
	2142	1.1079	
	2143	1.04318	
	2144	1.21365	
	2145	0.903177	
	2146	0.784402	
	2147	1.55268	
	2148	1.88349	
	2149	1.7362	
	2150	1.47892	
	2151	1.26836	
	2152	1.19301	
	2153	1.08654	
	2154	0.845044	
	2155	0.788546	
	2156	0.875934	
	2157	1.00903	
	2158	0.756695	
	2159	0.822781	
	2160	1.16719	
	2161	0.919322	
	2162	0.983094	
	2163	0.983364	
	2164	0.956497	
	2165	1.04415	
	2166	1.29101	
	2167	0.976709	
	2168	1.21313	
	2169	2.0563	
	2170	2.30987	
	2171	2.15881	
	2172	2.16776	
	2173	2.31159	
	2174	2.24252	
	2175	2.34234	
	2176	2.13857	
	2177	2.44149	
	2178	2.2169	
	2179	2.22824	
	2180	2.33064	
	2181	2.28107	
	2182	2.09508	
	2183	2.07729	
	2184	2.05333	
	2185	2.2327	
	2186	2.11043	
	2187	1.96625	
	2188	2.71642	
	2189	2.31421	
	2190	2.11108	
	2191	1.98863	
	2192	1.95069	
	2193	1.83924	
	2194	2.01396	
	2195	2.4433	
	2196	2.25973	
	2197	1.8768	
	2198	1.63345	
	2199	1.70132	
	2200	2.0228	
	2201	1.83677	
	2202	1.78271	
	2203	1.70677	
	2204	1.72018	
	2205	1.78869	
	2206	1.78474	
	2207	1.82513	
	2208	1.6522	
	2209	1.55048	
	2210	1.21801	
	2211	1.29968	
	2212	1.39325	
	2213	1.36955	
	2214	1.31444	
	2215	1.197	
	2216	1.17874	
	2217	1.22264	
	2218	1.18481	
	2219	1.12152	
	2220	1.42667	
	2221	1.46524	
	2222	1.38457	
	2223	1.02682	
	2224	1.45056	
	2225	1.0728	
	2226	1.1604	
	2227	1.23405	
	2228	1.29752	
	2229	1.16076	
	2230	0.994485	
	2231	1.20997	
	2232	1.37389	
	2233	1.20033	
	2234	1.26166	
	2235	1.06241	
	2236	0.990661	
	2237	1.29194	
	2238	0.934522	
	2239	1.22631	
	2240	1.02446	
	2241	1.05216	
	2242	0.946829	
	2243	1.209	
	2244	1.04546	
	2245	0.89236	
	2246	0.736588	
	2247	0.903422	
	2248	1.56168	
	2249	1.25847	
	2250	0.951667	
	2251	0.844062	
	2252	1.07527	
	2253	1.60533	
	2254	1.54939	
	2255	1.36447	
	2256	0.980916	
	2257	0.874035	
	2258	1.03852	
	2259	1.13959	
	2260	1.70212	
	2261	1.06847	
	2262	1.14863	
	2263	1.05515	
	2264	1.05476	
	2265	1.05869	
	2266	0.891584	
	2267	0.811623	
	2268	1.04704	
	2269	1.23812	
	2270	0.963129	
	2271	0.989243	
	2272	0.737093	
	2273	0.682573	
	2274	0.558356	
	2275	0.557901	
	2276	0.48756	
	2277	0.616141	
	2278	1.27561	
	2279	0.95076	
	2280	0.942997	
	2281	0.77013	
	2282	0.605945	
	2283	0.510578	
	2284	0.624034	
	2285	0.576095	
	2286	0.567211	
	2287	0.566161	
	2288	0.507136	
	2289	0.563955	
	2290	0.537962	
	2291	0.585279	
	2292	0.485473	
	2293	0.56189	
	2294	0.513885	
	2295	0.558049	
	2296	0.469489	
	2297	0.558275	
	2298	0.508161	
	2299	0.540026	
	2300	0.468037	
	2301	0.42645	
	2302	0.545752	
	2303	0.524213	
	2304	0.489261	
	2305	0.4156	
	2306	0.346383	
	2307	0.385357	
	2308	0.348424	
	2309	0.513574	
	2310	0.501148	
	2311	0.437095	
	2312	0.401139	
	2313	0.320987	
	2314	0.267482	
	2315	0.274861	
	2316	0.251939	
	2317	0.320325	
	2318	1.42438	
	2319	0.491879	
	2320	0.318807	
	2321	0.227249	
	2322	0.251055	
	2323	0.262572	
	2324	0.258139	
	2325	0.250027	
	2326	0.252457	
	2327	0.232629	
	2328	0.202854	
	2329	0.182437	
	2330	0.173642	
	2331	0.190193	
	2332	0.16707	
	2333	0.155522	
	2334	0.150831	
	2335	0.156118	
	2336	0.185568	
	2337	0.194096	
	2338	0.205843	
	2339	0.215846	
	2340	0.219503	
	2341	0.227274	
	2342	0.453191	
	2343	0.502988	
	2344	0.349675	
	2345	0.294812	
	2346	0.221654	
	2347	0.182791	
	2348	0.142215	
	2349	0.126762	
	2350	0.147855	
	2351	0.171041	
	2352	0.192806	
	2353	0.189127	
	2354	0.202461	
	2355	0.219707	
	2356	0.224633	
	2357	0.212567	
	2358	0.196492	
	2359	0.172098	
	2360	0.152716	
	2361	0.152511	
	2362	0.149048	
	2363	0.144053	
	2364	0.115292	
	2365	0.113633	
	2366	0.120779	
	2367	0.147535	
	2368	0.158444	
	2369	0.171466	
	2370	0.805789	
	2371	0.626914	
	2372	0.433126	
	2373	0.217791	
	2374	0.217875	
	2375	0.877956	
	2376	0.209535	
	2377	0.175586	
	2378	0.250773	
	2379	0.298731	
	2380	0.216974	
	2381	0.178157	
	2382	0.180285	
	2383	0.178044	
	2384	0.190883	
	2385	0.193641	
	2386	0.198026	
	2387	0.203744	
	2388	0.203357	
	2389	0.381474	
	2390	0.234734	
	2391	0.206116	
	2392	0.184865	
	2393	0.155148	
	2394	0.14913	
	2395	0.136328	
	2396	0.107661	
	2397	0.0940253	
	2398	0.0936633	
	2399	0.113545	
	2400	0.133487	
	2401	0.138471	
	2402	0.172166	
	2403	0.176214	
	2404	0.192243	
	2405	0.213971	
	2406	0.211055	
	2407	0.208513	
	2408	1.43574	
	2409	0.401023	
	2410	0.497347	
	2411	0.367698	
	2412	0.3053	
	2413	0.220266	
	2414	0.158403	
	2415	0.144083	
	2416	0.151099	
	2417	0.173526	
	2418	0.204483	
	2419	0.230785	
	2420	0.23351	
	2421	0.228367	
	2422	0.223724	
	2423	0.197974	
	2424	0.216089	
	2425	0.207753	
	2426	0.159411	
	2427	0.13409	
	2428	0.164072	
	2429	0.172185	
	2430	0.159251	
	2431	0.160984	
	2432	1.69543	
	2433	0.176377	
	2434	0.179133	
	2435	0.199541	
	2436	0.210211	
	2437	0.226406	
	2438	1.38097	
	2439	0.305521	
	2440	0.191188	
	2441	0.15068	
	2442	0.137925	
	2443	0.11636	
	2444	0.362334	
	2445	0.444345	
	2446	0.341469	
	2447	0.31044	
	2448	0.278266	
	2449	0.2522	
	2450	0.229365	
	2451	0.226538	
	2452	0.228369	
	2453	0.212953	
	2454	0.204519	
	2455	0.192729	
	2456	0.169874	
	2457	0.166281	
	2458	0.146068	
	2459	0.12719	
	2460	0.134679	
	2461	0.146536	
	2462	0.169164	
	2463	0.172673	
	2464	2.55732	
	2465	0.406677	
	2466	0.79834	
	2467	0.246427	
	2468	0.230425	
	2469	0.199618	
	2470	0.170307	
	2471	0.15977	
	2472	0.137085	
	2473	0.130262	
	2474	0.11345	
	2475	0.121643	
	2476	0.150987	
	2477	0.166289	
	2478	0.206509	
	2479	0.29987	
	2480	0.303794	
	2481	0.269523	
	2482	0.239146	
	2483	0.224278	
	2484	0.182451	
	2485	0.158333	
	2486	0.163291	
	2487	0.150347	
	2488	0.153809	
	2489	0.152875	
	2490	0.142773	
	2491	0.174857	
	2492	0.174902	
	2493	0.166004	
	2494	0.180286	
	2495	0.185496	
	2496	0.187725	
	2497	0.174502	
	2498	0.140016	
	2499	0.131403	
	2500	0.140513	
	2501	0.148995	
	2502	0.135618	
	2503	0.122432	
	2504	0.117308	
	2505	0.119667	
	2506	0.139692	
	2507	0.155229	
	2508	0.1397	
	2509	1.01638	
	2510	0.746787	
	2511	0.312346	
	2512	0.231455	
	2513	0.245569	
	2514	0.216482	
	2515	0.151439	
	2516	0.16048	
	2517	0.164181	
	2518	0.135743	
	2519	0.115316	
	2520	0.110009	
	2521	0.111497	
	2522	0.10099	
	2523	0.0864131	
	2524	0.0832638	
	2525	0.0816648	
	2526	0.0796429	
	2527	0.0633833	
	2528	0.0534409	
	2529	0.058857	
	2530	0.058677	
	2531	0.050709	
	2532	0.0521685	
	2533	0.0477319	
	2534	0.0525899	
	2535	0.048954	
	2536	0.0416465	
	2537	0.0413942	
	2538	0.0504284	
	2539	0.0519317	
	2540	0.0469628	
	2541	0.03833	
	2542	0.0366819	
	2543	0.119809	
	2544	0.0922552	
	2545	0.0608495	
	2546	0.0430813	
	2547	0.0387901	
	2548	0.0473326	
	2549	0.0410429	
	2550	0.0395449	
	2551	0.0278113	
	2552	0.0250255	
	2553	0.0259265	
	2554	0.0300082	
	2555	0.135738	
	2556	0.0236776	
	2557	0.0175443	
	2558	0.017731	
	2559	0.0202012	
	2560	0.0215914	
	2561	0.0185081	
	2562	0.0183125	
	2563	0.0187574	
	2564	0.0206162	
	2565	0.0201447	
	2566	0.0136473	
	2567	0.0112984	
	2568	0.0104028	
	2569	0.0321408	
	2570	0.0136861	
	2571	0.0088022	
	2572	0.0106091	
	2573	0.0148091	
	2574	0.0150078	
	2575	0.0122166	
	2576	0.0120431	
	2577	0.0127732	
	2578	0.0870534	
	2579	0.0585961	
	2580	0.0150452	
	2581	0.014125	
	2582	0.012907	
	2583	0.0112733	
	2584	0.00815997	
	2585	0.00721593	
	2586	0.00723053	
	2587	0.00897031	
	2588	0.00902415	
	2589	0.0068686	
	2590	0.00714024	
	2591	0.00785292	
	2592	0.00923383	
	2593	0.00897624	
	2594	0.00671696	
	2595	0.00590192	
	2596	0.0051918	
	2597	0.00579758	
	2598	0.00492963	
	2599	0.00305641	
	2600	0.0027451	
	2601	0.00392646	
	2602	0.00501624	
	2603	0.00388031	
	2604	0.00512112	
	2605	0.00480817	
	2606	0.00509723	
	2607	0.00477358	
	2608	0.0062857	
	2609	0.00834214	
	2610	0.00968831	
	2611	0.00728698	
	2612	0.00487295	
	2613	0.00377661	
	2614	0.00378853	
	2615	0.00392995	
	2616	0.00340782	
	2617	0.00336292	
	2618	0.026829	
	2619	0.00863559	
	2620	0.00484533	
	2621	0.00285962	
	2622	0.00290627	
	2623	0.00319653	
	2624	0.00319657	
	2625	0.00271525	
	2626	0.00219	
	2627	0.00188576	
	2628	0.00225219	
	2629	0.00203553	
	2630	0.00148822	
	2631	0.00130774	
	2632	0.001654	
	2633	0.00134657	


End of Keyframe Data
